00000000000000001000_17097.jpg,2958,1545,184,62,3142,1607
00000000000000001000_15959.jpg,315,1173,199,50,514,1223
00000000000000001000_15959.jpg,2966,1821,189,68,3155,1889
00000000000000001000_7634.jpg,2593,847,110,69,2703,916
00000000000000001000_7634.jpg,2795,1500,185,62,2980,1562
00000000000000001000_17972.jpg,2127,713,110,25,2237,738
00000000000000001000_17972.jpg,3956,1348,125,45,4081,1393
00000000000000001000_17972.jpg,969,1599,196,56,1165,1655
00000000000000001000_2464.jpg,374,149,75,18,449,167
00000000000000001000_2464.jpg,1324,266,91,21,1415,287
00000000000000001000_2464.jpg,1336,802,132,31,1468,833
00000000000000001000_2464.jpg,299,1097,184,45,483,1142
00000000000000001000_2494.jpg,300,1097,184,46,484,1143
00000000000000001000_2494.jpg,2944,1492,178,62,3122,1554
00000000000000001000_15278.jpg,933,148,76,15,1009,163
00000000000000001000_15278.jpg,2815,1579,186,62,3001,1641
00000000000000001000_23238.jpg,3983,1543,108,48,4091,1591
00000000000000001000_1058.jpg,1518,387,96,21,1614,408
00000000000000001000_1058.jpg,2245,1416,174,50,2419,1466
00000000000000001000_1058.jpg,3806,1417,134,46,3940,1463
00000000000000001000_590.jpg,805,108,71,14,876,122
00000000000000001000_590.jpg,233,171,79,15,312,186
00000000000000001000_590.jpg,1282,791,134,32,1416,823
00000000000000001000_590.jpg,3762,1257,134,42,3896,1299
00000000000000001000_2949.jpg,601,1242,136,46,737,1288
00000000000000001000_8434.jpg,3923,1343,135,46,4058,1389
00000000000000001000_327.jpg,1962,901,136,37,2098,938
00000000000000001000_327.jpg,1086,1392,198,58,1284,1450
00000000000000001000_23188.jpg,2726,1463,173,56,2899,1519
00000000000000001000_9954.jpg,1007,144,84,16,1091,160
00000000000000001000_9954.jpg,453,289,88,19,541,308
00000000000000001000_9954.jpg,1934,563,106,25,2040,588
00000000000000001000_19366.jpg,719,319,102,22,821,341
00000000000000001000_19366.jpg,2856,1686,178,62,3034,1748
00000000000000001000_5449.jpg,393,149,63,24,456,173
00000000000000001000_5449.jpg,1452,326,88,20,1540,346
00000000000000001000_5449.jpg,340,873,167,43,507,916
00000000000000001000_5449.jpg,2723,1724,182,60,2905,1784
00000000000000001000_12158.jpg,1093,592,121,27,1214,619
00000000000000001000_12158.jpg,2511,825,111,30,2622,855
00000000000000001000_12158.jpg,2912,1794,185,68,3097,1862
00000000000000001000_11747.jpg,1125,609,129,30,1254,639
00000000000000001000_11747.jpg,2049,526,102,24,2151,550
00000000000000001000_11548.jpg,2155,1576,183,58,2338,1634
00000000000000001000_6954.jpg,282,224,92,18,374,242
00000000000000001000_6954.jpg,1531,308,92,20,1623,328
00000000000000001000_6954.jpg,2182,1176,161,46,2343,1222
00000000000000001000_7469.jpg,2989,1820,133,61,3122,1881
00000000000000001000_5259.jpg,620,1234,192,52,812,1286
00000000000000001000_5259.jpg,3612,1263,138,40,3750,1303
00000000000000001000_5259.jpg,3191,1624,180,65,3371,1689
00000000000000001000_3419.jpg,579,259,103,22,682,281
00000000000000001000_3419.jpg,2759,1438,182,53,2941,1491
00000000000000001000_18474.jpg,2984,1627,163,56,3147,1683
00000000000000001000_19991.jpg,706,1425,211,56,917,1481
00000000000000001000_19991.jpg,3061,1712,196,58,3257,1770
00000000000000001000_221.jpg,608,1405,199,55,807,1460
00000000000000001000_221.jpg,3545,1124,132,40,3677,1164
00000000000000001000_1482.jpg,1775,433,113,24,1888,457
00000000000000001000_1482.jpg,2523,1397,174,56,2697,1453
00000000000000001000_4304.jpg,3509,1222,137,39,3646,1261
00000000000000001000_18444.jpg,2686,1521,180,58,2866,1579
00000000000000001000_5349.jpg,361,152,87,18,448,170
00000000000000001000_5349.jpg,2180,567,99,24,2279,591
00000000000000001000_9014.jpg,3952,1252,98,39,4050,1291
00000000000000001000_9014.jpg,1297,1789,244,78,1541,1867
00000000000000001000_11449.jpg,2182,1140,153,46,2335,1186
00000000000000001000_11449.jpg,3845,1364,129,45,3974,1409
00000000000000001000_17431.jpg,3705,1280,128,43,3833,1323
00000000000000001000_3124.jpg,2272,1304,175,51,2447,1355
00000000000000001000_5619.jpg,471,365,98,21,569,386
00000000000000001000_5619.jpg,1550,309,91,19,1641,328
00000000000000001000_5619.jpg,2734,1587,186,60,2920,1647
00000000000000001000_21250.jpg,385,244,92,19,477,263
00000000000000001000_21250.jpg,1673,398,107,25,1780,423
00000000000000001000_14639.jpg,1054,578,124,27,1178,605
00000000000000001000_14639.jpg,1867,546,101,22,1968,568
00000000000000001000_14639.jpg,2530,1443,170,53,2700,1496
00000000000000001000_2379.jpg,2382,1496,180,57,2562,1553
00000000000000001000_24552.jpg,3279,995,115,30,3394,1025
00000000000000001000_10314.jpg,744,331,100,21,844,352
00000000000000001000_10314.jpg,1662,884,140,33,1802,917
00000000000000001000_5004.jpg,727,1621,206,60,933,1681
00000000000000001000_23208.jpg,233,188,86,17,319,205
00000000000000001000_23208.jpg,1362,294,91,18,1453,312
00000000000000001000_23208.jpg,1012,887,142,34,1154,921
00000000000000001000_23208.jpg,3740,1135,118,41,3858,1176
00000000000000001000_14358.jpg,3958,1492,131,49,4089,1541
00000000000000001000_20940.jpg,1985,1191,166,46,2151,1237
00000000000000001000_20940.jpg,3564,1238,126,42,3690,1280
00000000000000001000_10999.jpg,2521,854,112,31,2633,885
00000000000000001000_10999.jpg,2976,1649,178,62,3154,1711
00000000000000001000_13535.jpg,855,506,116,24,971,530
00000000000000001000_13535.jpg,2728,1566,182,62,2910,1628
00000000000000001000_14563.jpg,540,1445,201,54,741,1499
00000000000000001000_14563.jpg,3646,1212,138,41,3784,1253
00000000000000001000_7864.jpg,920,96,66,17,986,113
00000000000000001000_7864.jpg,847,1514,228,56,1075,1570
00000000000000001000_7864.jpg,3040,1592,186,62,3226,1654
00000000000000001000_2934.jpg,2099,420,67,24,2166,444
00000000000000001000_2934.jpg,3257,1290,129,43,3386,1333
00000000000000001000_21609.jpg,1001,61,76,15,1077,76
00000000000000001000_21609.jpg,1160,582,127,28,1287,610
00000000000000001000_21609.jpg,2014,543,101,23,2115,566
00000000000000001000_21609.jpg,2754,1685,173,62,2927,1747
00000000000000001000_1437.jpg,1159,589,117,28,1276,617
00000000000000001000_1437.jpg,2428,618,104,26,2532,644
00000000000000001000_1437.jpg,3025,1573,183,63,3208,1636
00000000000000001000_4614.jpg,1980,426,98,22,2078,448
00000000000000001000_4614.jpg,794,527,119,29,913,556
00000000000000001000_4614.jpg,3513,1129,128,37,3641,1166
00000000000000001000_1702.jpg,630,463,102,22,732,485
00000000000000001000_1702.jpg,1564,476,96,21,1660,497
00000000000000001000_1702.jpg,3694,1234,137,41,3831,1275
00000000000000001000_1702.jpg,2544,1530,185,59,2729,1589
00000000000000001000_12283.jpg,66,125,77,15,143,140
00000000000000001000_12283.jpg,1243,270,84,18,1327,288
00000000000000001000_12283.jpg,2767,1445,178,60,2945,1505
00000000000000001000_1697.jpg,788,70,71,15,859,85
00000000000000001000_1697.jpg,987,584,120,27,1107,611
00000000000000001000_1697.jpg,3970,1536,117,46,4087,1582
00000000000000001000_1697.jpg,2882,1873,183,68,3065,1941
00000000000000001000_15168.jpg,779,37,68,14,847,51
00000000000000001000_15168.jpg,323,188,83,17,406,205
00000000000000001000_15168.jpg,1086,701,134,28,1220,729
00000000000000001000_15168.jpg,3456,1119,132,38,3588,1157
00000000000000001000_15168.jpg,2757,1707,196,67,2953,1774
00000000000000001000_16112.jpg,2467,1140,152,44,2619,1184
00000000000000001000_1018.jpg,1020,644,123,27,1143,671
00000000000000001000_1018.jpg,2169,591,105,23,2274,614
00000000000000001000_1018.jpg,2759,1711,184,63,2943,1774
00000000000000001000_10689.jpg,514,194,90,18,604,212
00000000000000001000_10689.jpg,3038,1732,178,68,3216,1800
00000000000000001000_11556.jpg,869,549,112,26,981,575
00000000000000001000_11556.jpg,1945,550,106,24,2051,574
00000000000000001000_13670.jpg,908,70,75,16,983,86
00000000000000001000_13670.jpg,3799,1373,128,44,3927,1417
00000000000000001000_13670.jpg,2499,1761,199,65,2698,1826
00000000000000001000_19717.jpg,511,305,95,20,606,325
00000000000000001000_19717.jpg,2709,1655,190,67,2899,1722
00000000000000001000_18627.jpg,492,1451,203,53,695,1504
00000000000000001000_18627.jpg,2939,1745,177,63,3116,1808
00000000000000001000_21481.jpg,3587,1354,143,44,3730,1398
00000000000000001000_14929.jpg,2723,628,116,26,2839,654
00000000000000001000_14929.jpg,2601,1302,174,55,2775,1357
00000000000000001000_14834.jpg,2397,1289,173,50,2570,1339
00000000000000001000_15386.jpg,632,340,101,22,733,362
00000000000000001000_15386.jpg,3426,1721,180,70,3606,1791
00000000000000001000_4159.jpg,1289,680,129,31,1418,711
00000000000000001000_4159.jpg,2494,844,118,31,2612,875
00000000000000001000_4159.jpg,2875,1620,200,61,3075,1681
00000000000000001000_11473.jpg,927,1440,205,54,1132,1494
00000000000000001000_19154.jpg,2817,956,123,30,2940,986
00000000000000001000_19154.jpg,2536,1565,182,63,2718,1628
00000000000000001000_20880.jpg,487,258,95,20,582,278
00000000000000001000_20880.jpg,2225,726,109,27,2334,753
00000000000000001000_20880.jpg,2749,1624,188,64,2937,1688
00000000000000001000_3024.jpg,998,117,79,19,1077,136
00000000000000001000_3024.jpg,2276,699,118,26,2394,725
00000000000000001000_3024.jpg,466,1633,229,53,695,1686
00000000000000001000_3024.jpg,2734,1619,182,62,2916,1681
00000000000000001000_9794.jpg,1228,192,84,17,1312,209
00000000000000001000_9794.jpg,679,391,104,22,783,413
00000000000000001000_9794.jpg,3719,1169,121,39,3840,1208
00000000000000001000_9794.jpg,3010,1675,181,69,3191,1744
00000000000000001000_2156.jpg,3757,1178,126,41,3883,1219
00000000000000001000_7404.jpg,712,1658,224,61,936,1719
00000000000000001000_11430.jpg,826,413,109,21,935,434
00000000000000001000_11430.jpg,1081,976,150,35,1231,1011
00000000000000001000_11430.jpg,2569,749,112,29,2681,778
00000000000000001000_11656.jpg,3329,1731,177,66,3506,1797
00000000000000001000_1251.jpg,1235,258,91,18,1326,276
00000000000000001000_1251.jpg,2975,924,128,33,3103,957
00000000000000001000_20326.jpg,3197,1495,170,58,3367,1553
00000000000000001000_1892.jpg,1008,585,121,27,1129,612
00000000000000001000_1892.jpg,3748,1356,143,42,3891,1398
00000000000000001000_1892.jpg,2833,1642,188,64,3021,1706
00000000000000001000_21825.jpg,3081,1577,185,63,3266,1640
00000000000000001000_18166.jpg,356,157,88,19,444,176
00000000000000001000_18166.jpg,1666,1,110,24,1776,25
00000000000000001000_18166.jpg,1659,453,97,20,1756,473
00000000000000001000_18166.jpg,3213,1779,181,66,3394,1845
00000000000000001000_3379.jpg,3482,1081,81,26,3563,1107
00000000000000001000_7249.jpg,2988,783,110,32,3098,815
00000000000000001000_7249.jpg,895,1332,208,55,1103,1387
00000000000000001000_7249.jpg,3250,1617,176,62,3426,1679
00000000000000001000_7014.jpg,596,281,89,19,685,300
00000000000000001000_7014.jpg,1651,363,89,22,1740,385
00000000000000001000_7014.jpg,1045,549,117,28,1162,577
00000000000000001000_7014.jpg,3059,1702,174,63,3233,1765
00000000000000001000_1422.jpg,216,176,81,16,297,192
00000000000000001000_1422.jpg,1012,196,78,15,1090,211
00000000000000001000_1422.jpg,2187,655,102,23,2289,678
00000000000000001000_1422.jpg,3133,1590,178,64,3311,1654
00000000000000001000_21840.jpg,3902,1197,128,42,4030,1239
00000000000000001000_4689.jpg,616,415,102,25,718,440
00000000000000001000_4689.jpg,2101,569,103,22,2204,591
00000000000000001000_4689.jpg,3121,1785,201,63,3322,1848
00000000000000001000_24662.jpg,1629,855,138,36,1767,891
00000000000000001000_24662.jpg,3775,1389,135,46,3910,1435
00000000000000001000_21011.jpg,367,135,87,19,454,154
00000000000000001000_21011.jpg,1315,735,129,31,1444,766
00000000000000001000_21011.jpg,2942,1852,192,48,3134,1900
00000000000000001000_16720.jpg,3985,1200,110,41,4095,1241
00000000000000001000_31.jpg,766,444,108,24,874,468
00000000000000001000_31.jpg,3041,400,184,36,3225,436
00000000000000001000_31.jpg,2785,774,114,30,2899,804
00000000000000001000_31.jpg,2981,1667,184,62,3165,1729
00000000000000001000_20457.jpg,1899,401,90,22,1989,423
00000000000000001000_20457.jpg,1364,698,120,28,1484,726
00000000000000001000_1181.jpg,941,123,77,16,1018,139
00000000000000001000_1181.jpg,823,412,105,22,928,434
00000000000000001000_1181.jpg,2639,796,115,29,2754,825
00000000000000001000_1181.jpg,873,1981,234,66,1107,2047
00000000000000001000_16307.jpg,71,121,76,17,147,138
00000000000000001000_16307.jpg,1050,196,81,18,1131,214
00000000000000001000_16307.jpg,3070,1560,178,64,3248,1624
00000000000000001000_1677.jpg,3672,1395,133,46,3805,1441
00000000000000001000_3184.jpg,1819,369,101,23,1920,392
00000000000000001000_4959.jpg,1960,485,94,23,2054,508
00000000000000001000_2017.jpg,2438,1267,165,48,2603,1315
00000000000000001000_9244.jpg,2329,560,79,28,2408,588
00000000000000001000_9244.jpg,2345,706,106,26,2451,732
00000000000000001000_9244.jpg,3122,1792,152,63,3274,1855
00000000000000001000_5839.jpg,1687,326,92,22,1779,348
00000000000000001000_23750.jpg,176,90,77,17,253,107
00000000000000001000_23750.jpg,2044,1179,149,42,2193,1221
00000000000000001000_23750.jpg,3562,1177,122,38,3684,1215
00000000000000001000_23750.jpg,882,1718,234,68,1116,1786
00000000000000001000_17261.jpg,1386,320,87,19,1473,339
00000000000000001000_17261.jpg,2917,1573,180,59,3097,1632
00000000000000001000_21426.jpg,2310,1346,178,54,2488,1400
00000000000000001000_19795.jpg,350,226,54,16,404,242
00000000000000001000_19795.jpg,3152,999,123,32,3275,1031
00000000000000001000_19795.jpg,493,1552,220,56,713,1608
00000000000000001000_19795.jpg,2863,1737,180,61,3043,1798
00000000000000001000_13935.jpg,433,365,96,21,529,386
00000000000000001000_13935.jpg,2604,693,109,27,2713,720
00000000000000001000_9679.jpg,535,1289,200,52,735,1341
00000000000000001000_9679.jpg,3526,1447,139,50,3665,1497
00000000000000001000_6669.jpg,3559,995,124,36,3683,1031
00000000000000001000_6669.jpg,750,1588,229,62,979,1650
00000000000000001000_6264.jpg,1719,416,95,22,1814,438
00000000000000001000_6264.jpg,3841,1400,151,43,3992,1443
00000000000000001000_3104.jpg,3185,990,127,35,3312,1025
00000000000000001000_13472.jpg,1517,247,85,19,1602,266
00000000000000001000_13472.jpg,986,582,126,30,1112,612
00000000000000001000_13472.jpg,3638,1188,132,38,3770,1226
00000000000000001000_13472.jpg,2911,1668,199,67,3110,1735
00000000000000001000_20157.jpg,2303,1319,164,49,2467,1368
00000000000000001000_20752.jpg,3108,1510,173,61,3281,1571
00000000000000001000_21790.jpg,1624,378,95,18,1719,396
00000000000000001000_21790.jpg,3050,1625,180,63,3230,1688
00000000000000001000_22254.jpg,1158,232,86,21,1244,253
00000000000000001000_22254.jpg,935,696,122,29,1057,725
00000000000000001000_22254.jpg,453,1282,197,52,650,1334
00000000000000001000_23552.jpg,2704,822,119,30,2823,852
00000000000000001000_23552.jpg,897,1700,228,69,1125,1769
00000000000000001000_6369.jpg,518,930,173,43,691,973
00000000000000001000_14538.jpg,540,1445,202,55,742,1500
00000000000000001000_14538.jpg,2880,1528,178,60,3058,1588
00000000000000001000_24877.jpg,310,135,85,16,395,151
00000000000000001000_24877.jpg,1987,1099,147,42,2134,1141
00000000000000001000_4149.jpg,2681,1491,174,58,2855,1549
00000000000000001000_16062.jpg,183,147,83,17,266,164
00000000000000001000_16062.jpg,1063,262,84,19,1147,281
00000000000000001000_16062.jpg,1391,75,146,95,1537,170
00000000000000001000_16062.jpg,2399,722,124,24,2523,746
00000000000000001000_16062.jpg,3000,1612,181,68,3181,1680
00000000000000001000_13282.jpg,486,1139,188,48,674,1187
00000000000000001000_13282.jpg,2617,1419,167,53,2784,1472
00000000000000001000_249.jpg,1213,772,128,31,1341,803
00000000000000001000_249.jpg,3148,933,124,31,3272,964
00000000000000001000_249.jpg,1170,1501,212,58,1382,1559
00000000000000001000_1952.jpg,1574,351,91,20,1665,371
00000000000000001000_1952.jpg,991,611,114,28,1105,639
00000000000000001000_1952.jpg,3654,1183,128,42,3782,1225
00000000000000001000_1952.jpg,3714,1946,183,78,3897,2024
00000000000000001000_2264.jpg,1344,231,82,18,1426,249
00000000000000001000_2264.jpg,2414,672,110,26,2524,698
00000000000000001000_2264.jpg,3254,1635,173,60,3427,1695
00000000000000001000_9414.jpg,3877,1117,127,42,4004,1159
00000000000000001000_11872.jpg,2826,1710,178,59,3004,1769
00000000000000001000_10759.jpg,2263,521,102,23,2365,544
00000000000000001000_10759.jpg,3181,1615,171,60,3352,1675
00000000000000001000_13442.jpg,3263,1848,178,68,3441,1916
00000000000000001000_18219.jpg,817,84,73,15,890,99
00000000000000001000_18219.jpg,2344,381,176,95,2520,476
00000000000000001000_18219.jpg,2455,693,77,48,2532,741
00000000000000001000_18219.jpg,3065,827,174,33,3239,860
00000000000000001000_18219.jpg,3106,981,122,31,3228,1012
00000000000000001000_18219.jpg,2914,1530,177,63,3091,1593
00000000000000001000_24392.jpg,1035,574,120,26,1155,600
00000000000000001000_24392.jpg,3201,1915,177,66,3378,1981
00000000000000001000_14343.jpg,304,170,86,18,390,188
00000000000000001000_14343.jpg,1074,191,74,17,1148,208
00000000000000001000_14343.jpg,2793,1761,193,67,2986,1828
00000000000000001000_22823.jpg,2571,700,108,26,2679,726
00000000000000001000_22823.jpg,2660,808,130,36,2790,844
00000000000000001000_22823.jpg,3193,1639,188,68,3381,1707
00000000000000001000_14548.jpg,1336,247,82,18,1418,265
00000000000000001000_14548.jpg,539,1445,202,54,741,1499
00000000000000001000_14548.jpg,3685,1284,135,43,3820,1327
00000000000000001000_5529.jpg,3002,1565,183,62,3185,1627
00000000000000001000_10464.jpg,3922,1459,131,46,4053,1505
00000000000000001000_10464.jpg,2995,1921,198,68,3193,1989
00000000000000001000_1452.jpg,894,177,76,15,970,192
00000000000000001000_1452.jpg,964,626,118,25,1082,651
00000000000000001000_1452.jpg,3957,1393,125,46,4082,1439
00000000000000001000_17631.jpg,1009,120,64,15,1073,135
00000000000000001000_17631.jpg,844,1592,228,64,1072,1656
00000000000000001000_17631.jpg,3127,1624,186,63,3313,1687
00000000000000001000_22141.jpg,2783,1394,169,56,2952,1450
00000000000000001000_20772.jpg,1368,290,90,20,1458,310
00000000000000001000_12413.jpg,637,385,101,22,738,407
00000000000000001000_5464.jpg,1621,437,102,24,1723,461
00000000000000001000_5464.jpg,339,872,169,44,508,916
00000000000000001000_5464.jpg,3933,1165,135,40,4068,1205
00000000000000001000_12557.jpg,696,78,75,15,771,93
00000000000000001000_12557.jpg,823,446,111,24,934,470
00000000000000001000_12557.jpg,3693,1274,134,44,3827,1318
00000000000000001000_5789.jpg,3520,1253,131,39,3651,1292
00000000000000001000_1817.jpg,3749,1258,131,43,3880,1301
00000000000000001000_15750.jpg,3940,1507,136,48,4076,1555
00000000000000001000_16193.jpg,936,130,78,15,1014,145
00000000000000001000_16193.jpg,3932,1371,130,45,4062,1416
00000000000000001000_10159.jpg,1710,370,94,22,1804,392
00000000000000001000_10159.jpg,2723,957,125,32,2848,989
00000000000000001000_10159.jpg,3383,1807,171,66,3554,1873
00000000000000001000_4399.jpg,1772,446,100,22,1872,468
00000000000000001000_12637.jpg,252,1404,209,54,461,1458
00000000000000001000_12637.jpg,2925,1760,196,63,3121,1823
00000000000000001000_18359.jpg,1464,295,88,19,1552,314
00000000000000001000_18359.jpg,918,636,113,25,1031,661
00000000000000001000_18359.jpg,3214,1770,188,71,3402,1841
00000000000000001000_15946.jpg,3133,995,116,29,3249,1024
00000000000000001000_15946.jpg,2566,1395,169,54,2735,1449
00000000000000001000_11004.jpg,3930,1174,123,44,4053,1218
00000000000000001000_3004.jpg,617,312,118,22,735,334
00000000000000001000_3004.jpg,3249,892,115,32,3364,924
00000000000000001000_3004.jpg,465,1628,229,58,694,1686
00000000000000001000_3004.jpg,3269,1701,178,63,3447,1764
00000000000000001000_18547.jpg,476,263,93,18,569,281
00000000000000001000_18547.jpg,1427,240,85,19,1512,259
00000000000000001000_18547.jpg,2379,759,107,25,2486,784
00000000000000001000_18547.jpg,2919,1597,180,64,3099,1661
00000000000000001000_10239.jpg,3847,1407,143,49,3990,1456
00000000000000001000_10239.jpg,948,1830,251,77,1199,1907
00000000000000001000_10239.jpg,2617,1756,190,61,2807,1817
00000000000000001000_17155.jpg,617,408,101,22,718,430
00000000000000001000_17155.jpg,1463,250,83,18,1546,268
00000000000000001000_17155.jpg,3752,1261,125,40,3877,1301
00000000000000001000_17155.jpg,2589,1532,136,106,2725,1638
00000000000000001000_1369.jpg,757,33,69,15,826,48
00000000000000001000_1369.jpg,394,235,91,19,485,254
00000000000000001000_1369.jpg,3107,1645,179,67,3286,1712
00000000000000001000_18597.jpg,1668,389,96,22,1764,411
00000000000000001000_18597.jpg,744,530,110,22,854,552
00000000000000001000_18597.jpg,2865,1752,181,65,3046,1817
00000000000000001000_14413.jpg,3726,1321,136,46,3862,1367
00000000000000001000_7649.jpg,2842,790,114,29,2956,819
00000000000000001000_7649.jpg,2785,1667,182,64,2967,1731
00000000000000001000_20762.jpg,956,666,117,27,1073,693
00000000000000001000_20762.jpg,2401,724,112,26,2513,750
00000000000000001000_3434.jpg,3234,1033,116,33,3350,1066
00000000000000001000_3709.jpg,3218,1025,143,35,3361,1060
00000000000000001000_3709.jpg,2835,1644,195,65,3030,1709
00000000000000001000_19008.jpg,608,307,98,20,706,327
00000000000000001000_19008.jpg,1423,378,86,20,1509,398
00000000000000001000_19008.jpg,2906,445,172,47,3078,492
00000000000000001000_19008.jpg,669,1785,226,65,895,1850
00000000000000001000_19008.jpg,2962,1848,203,68,3165,1916
00000000000000001000_22620.jpg,3144,1453,169,51,3313,1504
00000000000000001000_17436.jpg,3215,1167,133,40,3348,1207
00000000000000001000_23805.jpg,59,138,77,16,136,154
00000000000000001000_23805.jpg,1670,396,94,21,1764,417
00000000000000001000_23805.jpg,3322,1251,134,39,3456,1290
00000000000000001000_23805.jpg,3057,1696,182,69,3239,1765
00000000000000001000_6209.jpg,1354,823,138,33,1492,856
00000000000000001000_6209.jpg,3159,918,122,36,3281,954
00000000000000001000_2999.jpg,872,458,114,22,986,480
00000000000000001000_2999.jpg,3893,1136,97,39,3990,1175
00000000000000001000_2999.jpg,466,1629,226,57,692,1686
00000000000000001000_21046.jpg,3059,1675,193,69,3252,1744
00000000000000001000_8754.jpg,3928,1168,87,28,4015,1196
00000000000000001000_11292.jpg,2671,1472,179,56,2850,1528
00000000000000001000_11292.jpg,1129,1769,237,66,1366,1835
00000000000000001000_4089.jpg,943,1385,191,54,1134,1439
00000000000000001000_4089.jpg,2698,1186,161,48,2859,1234
00000000000000001000_24447.jpg,400,238,93,19,493,257
00000000000000001000_24447.jpg,2426,1443,179,54,2605,1497
00000000000000001000_19064.jpg,194,102,81,17,275,119
00000000000000001000_19064.jpg,1373,851,141,34,1514,885
00000000000000001000_19064.jpg,410,1389,201,49,611,1438
00000000000000001000_5599.jpg,2994,1605,181,60,3175,1665
00000000000000001000_15931.jpg,821,76,70,15,891,91
00000000000000001000_15931.jpg,3889,1298,138,46,4027,1344
00000000000000001000_8354.jpg,146,746,100,24,246,770
00000000000000001000_8354.jpg,3748,1319,124,43,3872,1362
00000000000000001000_10329.jpg,2807,1527,177,63,2984,1590
00000000000000001000_5274.jpg,621,1234,192,52,813,1286
00000000000000001000_5274.jpg,2885,1573,167,58,3052,1631
00000000000000001000_5199.jpg,2610,1326,169,52,2779,1378
00000000000000001000_595.jpg,338,235,88,18,426,253
00000000000000001000_595.jpg,1913,491,101,22,2014,513
00000000000000001000_595.jpg,2176,1178,167,48,2343,1226
00000000000000001000_19968.jpg,1156,321,87,18,1243,339
00000000000000001000_19968.jpg,866,1666,231,66,1097,1732
00000000000000001000_7674.jpg,1211,710,124,29,1335,739
00000000000000001000_7674.jpg,3491,1720,178,73,3669,1793
00000000000000001000_447.jpg,1148,1636,228,66,1376,1702
00000000000000001000_13625.jpg,454,252,95,18,549,270
00000000000000001000_18344.jpg,2909,1037,119,31,3028,1068
00000000000000001000_18344.jpg,2668,1743,189,62,2857,1805
00000000000000001000_14383.jpg,798,23,70,16,868,39
00000000000000001000_14383.jpg,1015,615,131,29,1146,644
00000000000000001000_14383.jpg,2978,1015,129,40,3107,1055
00000000000000001000_7829.jpg,1640,392,90,19,1730,411
00000000000000001000_7829.jpg,931,527,108,26,1039,553
00000000000000001000_7829.jpg,3993,1162,95,33,4088,1195
00000000000000001000_7829.jpg,847,1511,228,56,1075,1567
00000000000000001000_4444.jpg,849,529,109,26,958,555
00000000000000001000_4444.jpg,2325,673,108,25,2433,698
00000000000000001000_4444.jpg,2971,1599,182,61,3153,1660
00000000000000001000_1512.jpg,574,300,99,20,673,320
00000000000000001000_1512.jpg,2265,674,110,26,2375,700
00000000000000001000_1512.jpg,2908,1672,162,61,3070,1733
00000000000000001000_20407.jpg,3299,1227,131,38,3430,1265
00000000000000001000_20407.jpg,1031,1747,242,71,1273,1818
00000000000000001000_20407.jpg,2450,1652,187,63,2637,1715
00000000000000001000_24231.jpg,3100,789,110,32,3210,821
00000000000000001000_15303.jpg,708,367,106,21,814,388
00000000000000001000_15303.jpg,1715,430,98,20,1813,450
00000000000000001000_15303.jpg,2928,1847,187,67,3115,1914
00000000000000001000_17576.jpg,2,769,102,32,104,801
00000000000000001000_17576.jpg,2499,1286,168,52,2667,1338
00000000000000001000_5364.jpg,3000,1531,181,61,3181,1592
00000000000000001000_12484.jpg,985,82,77,15,1062,97
00000000000000001000_12484.jpg,970,501,111,26,1081,527
00000000000000001000_13027.jpg,307,186,88,18,395,204
00000000000000001000_13027.jpg,2788,1464,183,60,2971,1524
00000000000000001000_3959.jpg,887,549,112,24,999,573
00000000000000001000_3959.jpg,872,1342,196,54,1068,1396
00000000000000001000_8944.jpg,1236,688,122,28,1358,716
00000000000000001000_11130.jpg,928,220,80,19,1008,239
00000000000000001000_11130.jpg,699,529,108,24,807,553
00000000000000001000_11130.jpg,3980,1369,111,43,4091,1412
00000000000000001000_6419.jpg,2914,1223,109,27,3023,1250
00000000000000001000_6419.jpg,2762,1545,193,59,2955,1604
00000000000000001000_4349.jpg,95,11,75,18,170,29
00000000000000001000_4349.jpg,2262,289,70,18,2332,307
00000000000000001000_4349.jpg,2260,331,105,19,2365,350
00000000000000001000_4349.jpg,2473,299,94,18,2567,317
00000000000000001000_4349.jpg,2469,343,112,16,2581,359
00000000000000001000_4349.jpg,996,497,118,27,1114,524
00000000000000001000_4349.jpg,2262,531,126,16,2388,547
00000000000000001000_4349.jpg,2229,623,113,26,2342,649
00000000000000001000_4349.jpg,601,1348,205,56,806,1404
00000000000000001000_4349.jpg,3148,1297,225,68,3373,1365
00000000000000001000_4349.jpg,3137,1441,231,68,3368,1509
00000000000000001000_4349.jpg,3094,1881,198,71,3292,1952
00000000000000001000_948.jpg,1110,205,80,17,1190,222
00000000000000001000_948.jpg,3777,1329,127,45,3904,1374
00000000000000001000_19599.jpg,1070,227,78,17,1148,244
00000000000000001000_19599.jpg,2513,813,114,29,2627,842
00000000000000001000_19599.jpg,2894,1472,176,61,3070,1533
00000000000000001000_6269.jpg,3889,1400,133,44,4022,1444
00000000000000001000_6269.jpg,690,1535,256,52,946,1587
00000000000000001000_3544.jpg,3846,1260,128,44,3974,1304
00000000000000001000_2454.jpg,3302,1204,262,55,3564,1259
00000000000000001000_2454.jpg,3301,1452,178,55,3479,1507
00000000000000001000_14298.jpg,2625,1390,168,51,2793,1441
00000000000000001000_9769.jpg,637,466,112,26,749,492
00000000000000001000_9769.jpg,1846,577,123,26,1969,603
00000000000000001000_9769.jpg,2821,1697,191,67,3012,1764
00000000000000001000_18121.jpg,1066,252,85,18,1151,270
00000000000000001000_18121.jpg,1077,640,117,27,1194,667
00000000000000001000_18121.jpg,3919,1116,124,39,4043,1155
00000000000000001000_18121.jpg,794,1643,235,54,1029,1697
00000000000000001000_18121.jpg,2953,1639,181,65,3134,1704
00000000000000001000_7624.jpg,1579,261,85,20,1664,281
00000000000000001000_7624.jpg,1028,625,117,26,1145,651
00000000000000001000_7624.jpg,2594,866,114,29,2708,895
00000000000000001000_7624.jpg,2739,1536,185,59,2924,1595
00000000000000001000_18404.jpg,3647,1165,134,41,3781,1206
00000000000000001000_8314.jpg,1122,229,77,18,1199,247
00000000000000001000_8314.jpg,253,891,146,36,399,927
00000000000000001000_8314.jpg,3196,1719,184,68,3380,1787
00000000000000001000_9844.jpg,950,712,132,31,1082,743
00000000000000001000_9844.jpg,3353,1767,122,45,3475,1812
00000000000000001000_7154.jpg,3874,1101,88,31,3962,1132
00000000000000001000_19061.jpg,3713,1215,124,41,3837,1256
00000000000000001000_19061.jpg,2981,1546,178,64,3159,1610
00000000000000001000_21704.jpg,1479,380,86,19,1565,399
00000000000000001000_21704.jpg,732,1383,187,51,919,1434
00000000000000001000_21704.jpg,3605,1812,180,71,3785,1883
00000000000000001000_1927.jpg,3937,1336,132,44,4069,1380
00000000000000001000_1917.jpg,1305,335,94,20,1399,355
00000000000000001000_1917.jpg,1128,723,131,31,1259,754
00000000000000001000_1917.jpg,3396,967,114,34,3510,1001
00000000000000001000_24482.jpg,461,210,92,23,553,233
00000000000000001000_24482.jpg,1397,273,84,20,1481,293
00000000000000001000_24482.jpg,3876,1247,126,42,4002,1289
00000000000000001000_14195.jpg,1610,396,92,19,1702,415
00000000000000001000_14195.jpg,3847,1368,129,46,3976,1414
00000000000000001000_14729.jpg,2574,1477,174,56,2748,1533
00000000000000001000_14729.jpg,383,1555,216,61,599,1616
00000000000000001000_19662.jpg,839,581,115,26,954,607
00000000000000001000_19662.jpg,3340,1631,170,66,3510,1697
00000000000000001000_5979.jpg,674,415,108,22,782,437
00000000000000001000_5979.jpg,2770,1618,195,64,2965,1682
00000000000000001000_16017.jpg,1502,419,90,20,1592,439
00000000000000001000_16017.jpg,3151,1044,127,36,3278,1080
00000000000000001000_16017.jpg,2821,1447,175,59,2996,1506
00000000000000001000_16017.jpg,813,1716,231,60,1044,1776
00000000000000001000_3599.jpg,1151,211,68,23,1219,234
00000000000000001000_3599.jpg,2836,1430,170,53,3006,1483
00000000000000001000_21970.jpg,1483,324,90,19,1573,343
00000000000000001000_21970.jpg,874,1534,226,63,1100,1597
00000000000000001000_13167.jpg,664,306,101,22,765,328
00000000000000001000_13167.jpg,1967,747,144,39,2111,786
00000000000000001000_13167.jpg,2823,857,117,32,2940,889
00000000000000001000_13167.jpg,841,1388,245,59,1086,1447
00000000000000001000_13167.jpg,1862,1074,166,38,2028,1112
00000000000000001000_1246.jpg,2767,869,130,32,2897,901
00000000000000001000_17466.jpg,3284,1701,181,62,3465,1763
00000000000000001000_12539.jpg,3447,1136,130,39,3577,1175
00000000000000001000_20188.jpg,1574,466,95,21,1669,487
00000000000000001000_7949.jpg,827,1271,206,56,1033,1327
00000000000000001000_19396.jpg,738,339,99,20,837,359
00000000000000001000_19396.jpg,2123,522,96,23,2219,545
00000000000000001000_19396.jpg,2259,1273,156,44,2415,1317
00000000000000001000_8864.jpg,3902,1305,115,36,4017,1341
00000000000000001000_11533.jpg,503,414,101,23,604,437
00000000000000001000_11533.jpg,1506,307,86,19,1592,326
00000000000000001000_11533.jpg,3722,1147,139,40,3861,1187
00000000000000001000_15790.jpg,3021,1670,178,64,3199,1734
00000000000000001000_18732.jpg,909,181,76,16,985,197
00000000000000001000_18732.jpg,605,1390,198,50,803,1440
00000000000000001000_18732.jpg,3234,1508,160,58,3394,1566
00000000000000001000_19169.jpg,3933,1397,140,48,4073,1445
00000000000000001000_19672.jpg,2063,475,109,24,2172,499
00000000000000001000_19672.jpg,917,524,114,26,1031,550
00000000000000001000_19672.jpg,2763,1589,182,62,2945,1651
00000000000000001000_11180.jpg,1115,205,81,18,1196,223
00000000000000001000_11180.jpg,684,499,109,24,793,523
00000000000000001000_11180.jpg,3266,1181,89,40,3355,1221
00000000000000001000_11180.jpg,1120,1793,239,69,1359,1862
00000000000000001000_16672.jpg,1994,944,145,39,2139,983
00000000000000001000_16672.jpg,3935,1401,125,47,4060,1448
00000000000000001000_5384.jpg,2119,519,107,24,2226,543
00000000000000001000_22922.jpg,3706,1291,133,43,3839,1334
00000000000000001000_22922.jpg,3037,1729,179,60,3216,1789
00000000000000001000_21995.jpg,424,226,89,18,513,244
00000000000000001000_21995.jpg,1425,358,88,18,1513,376
00000000000000001000_21995.jpg,3686,1289,129,43,3815,1332
00000000000000001000_21995.jpg,3017,1706,184,64,3201,1770
00000000000000001000_5444.jpg,340,872,167,44,507,916
00000000000000001000_5444.jpg,2657,836,117,26,2774,862
00000000000000001000_5444.jpg,3052,1569,181,63,3233,1632
00000000000000001000_24852.jpg,3618,1273,135,44,3753,1317
00000000000000001000_8889.jpg,1285,259,56,18,1341,277
00000000000000001000_8889.jpg,1796,825,146,38,1942,863
00000000000000001000_8889.jpg,3950,1180,124,42,4074,1222
00000000000000001000_8889.jpg,751,1566,223,64,974,1630
00000000000000001000_6064.jpg,2900,816,118,29,3018,845
00000000000000001000_6064.jpg,787,1123,189,48,976,1171
00000000000000001000_6064.jpg,3044,1647,181,66,3225,1713
00000000000000001000_20672.jpg,2969,1733,185,66,3154,1799
00000000000000001000_4069.jpg,757,383,107,23,864,406
00000000000000001000_4069.jpg,1404,309,97,19,1501,328
00000000000000001000_4069.jpg,941,1385,193,52,1134,1437
00000000000000001000_4069.jpg,3128,1645,179,64,3307,1709
00000000000000001000_3779.jpg,3079,1608,192,66,3271,1674
00000000000000001000_3699.jpg,2081,1328,167,49,2248,1377
00000000000000001000_5644.jpg,722,1433,222,59,944,1492
00000000000000001000_5644.jpg,3943,1248,135,44,4078,1292
00000000000000001000_21805.jpg,365,203,93,18,458,221
00000000000000001000_21805.jpg,1356,383,78,20,1434,403
00000000000000001000_21805.jpg,2987,1729,185,69,3172,1798
00000000000000001000_14769.jpg,3842,1355,137,47,3979,1402
00000000000000001000_14769.jpg,739,1675,214,62,953,1737
00000000000000001000_2394.jpg,1261,722,121,29,1382,751
00000000000000001000_2394.jpg,2969,893,126,31,3095,924
00000000000000001000_2394.jpg,3539,1728,175,69,3714,1797
00000000000000001000_3329.jpg,429,1297,205,54,634,1351
00000000000000001000_3329.jpg,2486,1306,167,52,2653,1358
00000000000000001000_21346.jpg,3818,1424,134,47,3952,1471
00000000000000001000_7824.jpg,1361,734,124,31,1485,765
00000000000000001000_7824.jpg,3146,989,120,34,3266,1023
00000000000000001000_7824.jpg,846,1513,228,56,1074,1569
00000000000000001000_7824.jpg,3213,1749,176,64,3389,1813
00000000000000001000_16484.jpg,428,243,94,20,522,263
00000000000000001000_16484.jpg,1411,245,113,18,1524,263
00000000000000001000_8319.jpg,461,214,76,18,537,232
00000000000000001000_8319.jpg,1553,323,93,19,1646,342
00000000000000001000_8319.jpg,253,890,148,38,401,928
00000000000000001000_8319.jpg,3309,1592,171,65,3480,1657
00000000000000001000_14105.jpg,2683,1401,171,55,2854,1456
00000000000000001000_14105.jpg,929,1836,224,68,1153,1904
00000000000000001000_16067.jpg,1047,562,121,29,1168,591
00000000000000001000_23354.jpg,1172,604,119,28,1291,632
00000000000000001000_23354.jpg,3289,1685,176,67,3465,1752
00000000000000001000_15745.jpg,3526,1394,136,44,3662,1438
00000000000000001000_10754.jpg,1334,306,86,19,1420,325
00000000000000001000_10754.jpg,3222,1771,171,65,3393,1836
00000000000000001000_9854.jpg,757,340,86,20,843,360
00000000000000001000_9854.jpg,3423,1140,128,41,3551,1181
00000000000000001000_9854.jpg,765,1550,232,64,997,1614
00000000000000001000_9854.jpg,2965,1565,180,65,3145,1630
00000000000000001000_13705.jpg,552,277,95,19,647,296
00000000000000001000_13705.jpg,2302,732,115,26,2417,758
00000000000000001000_13705.jpg,2921,1696,185,65,3106,1761
00000000000000001000_7889.jpg,1100,110,75,16,1175,126
00000000000000001000_7889.jpg,1906,599,106,26,2012,625
00000000000000001000_7889.jpg,2760,1684,178,64,2938,1748
00000000000000001000_13645.jpg,731,113,69,16,800,129
00000000000000001000_13645.jpg,3956,1302,130,44,4086,1346
00000000000000001000_22292.jpg,3341,1558,144,45,3485,1603
00000000000000001000_22292.jpg,3178,1903,190,69,3368,1972
00000000000000001000_10084.jpg,1946,611,108,25,2054,636
00000000000000001000_10084.jpg,2971,1737,201,68,3172,1805
00000000000000001000_16140.jpg,647,1448,211,52,858,1500
00000000000000001000_16140.jpg,3009,1502,174,61,3183,1563
00000000000000001000_14323.jpg,2033,472,97,22,2130,494
00000000000000001000_14323.jpg,1351,583,118,27,1469,610
00000000000000001000_14323.jpg,2866,1583,175,63,3041,1646
00000000000000001000_12123.jpg,1151,474,53,15,1204,489
00000000000000001000_12123.jpg,1484,352,199,36,1683,388
00000000000000001000_12123.jpg,1111,530,171,25,1282,555
00000000000000001000_12123.jpg,1306,771,129,30,1435,801
00000000000000001000_12123.jpg,1577,531,115,17,1692,548
00000000000000001000_12123.jpg,370,1153,191,51,561,1204
00000000000000001000_12123.jpg,3436,1093,121,33,3557,1126
00000000000000001000_12123.jpg,3040,1537,176,60,3216,1597
00000000000000001000_18642.jpg,872,456,109,23,981,479
00000000000000001000_18642.jpg,1389,162,80,17,1469,179
00000000000000001000_18642.jpg,587,1467,204,54,791,1521
00000000000000001000_16838.jpg,988,162,77,15,1065,177
00000000000000001000_16838.jpg,3942,1395,129,47,4071,1442
00000000000000001000_18988.jpg,2642,1419,173,56,2815,1475
00000000000000001000_10354.jpg,1586,339,97,20,1683,359
00000000000000001000_10354.jpg,3820,1614,158,63,3978,1677
00000000000000001000_6389.jpg,692,304,90,17,782,321
00000000000000001000_6389.jpg,3312,1732,187,68,3499,1800
00000000000000001000_21566.jpg,307,225,89,19,396,244
00000000000000001000_10544.jpg,2374,606,98,28,2472,634
00000000000000001000_10544.jpg,2377,1374,178,54,2555,1428
00000000000000001000_6649.jpg,3072,481,122,52,3194,533
00000000000000001000_6649.jpg,1680,1849,213,63,1893,1912
00000000000000001000_12812.jpg,2547,204,78,19,2625,223
00000000000000001000_12812.jpg,2535,1530,174,59,2709,1589
00000000000000001000_13840.jpg,458,1419,213,59,671,1478
00000000000000001000_13840.jpg,3061,1573,178,62,3239,1635
00000000000000001000_24722.jpg,2058,294,118,31,2176,325
00000000000000001000_24722.jpg,3779,1414,131,46,3910,1460
00000000000000001000_24722.jpg,3019,1713,206,68,3225,1781
00000000000000001000_5764.jpg,3007,1531,179,57,3186,1588
00000000000000001000_7484.jpg,3712,1107,127,40,3839,1147
00000000000000001000_22184.jpg,2461,1513,172,54,2633,1567
00000000000000001000_19594.jpg,929,106,77,16,1006,122
00000000000000001000_19594.jpg,2202,548,105,25,2307,573
00000000000000001000_19594.jpg,3976,1461,113,44,4089,1505
00000000000000001000_3339.jpg,3285,937,119,33,3404,970
00000000000000001000_3339.jpg,429,1297,205,54,634,1351
00000000000000001000_22025.jpg,1748,347,89,20,1837,367
00000000000000001000_22025.jpg,3053,953,120,33,3173,986
00000000000000001000_22025.jpg,3746,1615,172,63,3918,1678
00000000000000001000_3219.jpg,2307,669,115,27,2422,696
00000000000000001000_3219.jpg,1414,714,134,32,1548,746
00000000000000001000_3219.jpg,634,1380,217,57,851,1437
00000000000000001000_15348.jpg,2848,1797,189,64,3037,1861
00000000000000001000_20321.jpg,2225,969,140,41,2365,1010
00000000000000001000_9574.jpg,1027,147,75,16,1102,163
00000000000000001000_9574.jpg,2513,1326,181,57,2694,1383
00000000000000001000_9574.jpg,3527,1121,128,39,3655,1160
00000000000000001000_5814.jpg,2130,510,111,24,2241,534
00000000000000001000_5814.jpg,3030,1586,177,63,3207,1649
00000000000000001000_23572.jpg,1078,145,78,18,1156,163
00000000000000001000_23572.jpg,3444,1112,124,36,3568,1148
00000000000000001000_11140.jpg,1638,419,93,20,1731,439
00000000000000001000_11140.jpg,3235,1178,129,37,3364,1215
00000000000000001000_11140.jpg,2665,1474,186,58,2851,1532
00000000000000001000_21298.jpg,1588,384,93,21,1681,405
00000000000000001000_21298.jpg,3141,1618,178,65,3319,1683
00000000000000001000_14543.jpg,691,325,99,20,790,345
00000000000000001000_14543.jpg,538,1445,204,54,742,1499
00000000000000001000_14543.jpg,3903,1095,116,39,4019,1134
00000000000000001000_127.jpg,290,223,86,18,376,241
00000000000000001000_127.jpg,2822,782,116,30,2938,812
00000000000000001000_127.jpg,2831,1498,182,60,3013,1558
00000000000000001000_6414.jpg,3895,1293,103,39,3998,1332
00000000000000001000_9189.jpg,1199,673,78,27,1277,700
00000000000000001000_9189.jpg,3967,1159,126,40,4093,1199
00000000000000001000_9189.jpg,2925,1679,186,67,3111,1746
00000000000000001000_15825.jpg,1407,318,90,19,1497,337
00000000000000001000_15825.jpg,3963,1339,127,42,4090,1381
00000000000000001000_20111.jpg,2812,1652,182,62,2994,1714
00000000000000001000_23125.jpg,529,304,97,21,626,325
00000000000000001000_23125.jpg,2695,1771,200,62,2895,1833
00000000000000001000_21411.jpg,807,469,107,22,914,491
00000000000000001000_21411.jpg,3750,1245,134,44,3884,1289
00000000000000001000_2804.jpg,432,304,96,21,528,325
00000000000000001000_2804.jpg,3924,1193,122,43,4046,1236
00000000000000001000_8184.jpg,1314,195,76,23,1390,218
00000000000000001000_8184.jpg,2660,1489,192,64,2852,1553
00000000000000001000_23745.jpg,223,113,80,18,303,131
00000000000000001000_23745.jpg,2178,1252,153,45,2331,1297
00000000000000001000_23745.jpg,3796,1274,124,40,3920,1314
00000000000000001000_23745.jpg,882,1719,234,66,1116,1785
00000000000000001000_10349.jpg,3540,1126,144,37,3684,1163
00000000000000001000_12917.jpg,1084,286,84,18,1168,304
00000000000000001000_7799.jpg,3278,1414,151,56,3429,1470
00000000000000001000_9099.jpg,3800,1471,58,27,3858,1498
00000000000000001000_3229.jpg,1553,362,90,21,1643,383
00000000000000001000_3229.jpg,1179,517,119,26,1298,543
00000000000000001000_3229.jpg,634,1379,217,57,851,1436
00000000000000001000_3229.jpg,2513,1436,181,50,2694,1486
00000000000000001000_3229.jpg,3748,1357,131,44,3879,1401
00000000000000001000_890.jpg,492,168,85,18,577,186
00000000000000001000_890.jpg,3216,1026,116,34,3332,1060
00000000000000001000_8774.jpg,3754,186,176,30,3930,216
00000000000000001000_8774.jpg,1270,1540,213,61,1483,1601
00000000000000001000_17551.jpg,1636,360,98,20,1734,380
00000000000000001000_17551.jpg,990,559,116,25,1106,584
00000000000000001000_17551.jpg,3103,1578,181,61,3284,1639
00000000000000001000_22675.jpg,1113,170,79,17,1192,187
00000000000000001000_22675.jpg,3091,949,106,33,3197,982
00000000000000001000_22675.jpg,2098,1248,165,44,2263,1292
00000000000000001000_18647.jpg,1304,412,94,19,1398,431
00000000000000001000_18647.jpg,587,1466,204,55,791,1521
00000000000000001000_18647.jpg,2990,1608,187,68,3177,1676
00000000000000001000_17934.jpg,596,1321,202,50,798,1371
00000000000000001000_17934.jpg,3043,1718,179,64,3222,1782
00000000000000001000_13292.jpg,486,1138,190,48,676,1186
00000000000000001000_13292.jpg,2788,1462,177,58,2965,1520
00000000000000001000_9509.jpg,2703,1469,173,56,2876,1525
00000000000000001000_24347.jpg,1180,579,80,24,1260,603
00000000000000001000_24347.jpg,976,861,154,31,1130,892
00000000000000001000_24347.jpg,2714,783,116,29,2830,812
00000000000000001000_24347.jpg,749,1761,224,62,973,1823
00000000000000001000_24347.jpg,3176,1568,179,66,3355,1634
00000000000000001000_9494.jpg,1169,247,84,17,1253,264
00000000000000001000_20692.jpg,140,163,87,18,227,181
00000000000000001000_20692.jpg,747,181,79,17,826,198
00000000000000001000_20692.jpg,2439,1502,191,60,2630,1562
00000000000000001000_10109.jpg,847,476,110,23,957,499
00000000000000001000_10109.jpg,3082,1593,184,63,3266,1656
00000000000000001000_1547.jpg,1152,115,76,16,1228,131
00000000000000001000_1547.jpg,3453,1088,120,36,3573,1124
00000000000000001000_1547.jpg,2831,1602,184,64,3015,1666
00000000000000001000_22912.jpg,783,466,112,25,895,491
00000000000000001000_4599.jpg,930,83,74,14,1004,97
00000000000000001000_4599.jpg,3511,1134,126,34,3637,1168
00000000000000001000_2539.jpg,3009,1815,183,67,3192,1882
00000000000000001000_2038.jpg,432,212,89,18,521,230
00000000000000001000_2038.jpg,2952,865,126,32,3078,897
00000000000000001000_2038.jpg,2615,1841,191,68,2806,1909
00000000000000001000_12075.jpg,695,24,69,14,764,38
00000000000000001000_12075.jpg,3849,1152,127,40,3976,1192
00000000000000001000_12075.jpg,995,1815,253,66,1248,1881
00000000000000001000_11249.jpg,1058,169,79,16,1137,185
00000000000000001000_21945.jpg,1713,445,105,21,1818,466
00000000000000001000_3334.jpg,428,1297,208,54,636,1351
00000000000000001000_3334.jpg,2461,1311,154,46,2615,1357
00000000000000001000_9299.jpg,1689,296,64,19,1753,315
00000000000000001000_9299.jpg,3024,779,57,52,3081,831
00000000000000001000_17714.jpg,627,456,110,26,737,482
00000000000000001000_17714.jpg,2483,675,103,23,2586,698
00000000000000001000_17714.jpg,2287,679,93,27,2380,706
00000000000000001000_17714.jpg,2894,1512,174,60,3068,1572
00000000000000001000_2053.jpg,753,95,70,15,823,110
00000000000000001000_2053.jpg,1458,447,95,22,1553,469
00000000000000001000_6194.jpg,1566,377,102,19,1668,396
00000000000000001000_6194.jpg,653,1409,206,56,859,1465
00000000000000001000_20782.jpg,1081,262,87,20,1168,282
00000000000000001000_20782.jpg,1107,582,121,28,1228,610
00000000000000001000_3879.jpg,2792,1775,189,64,2981,1839
00000000000000001000_10509.jpg,2707,1632,181,60,2888,1692
00000000000000001000_22988.jpg,1458,380,92,23,1550,403
00000000000000001000_22988.jpg,3880,1221,134,40,4014,1261
00000000000000001000_22988.jpg,2606,1633,185,60,2791,1693
00000000000000001000_12757.jpg,3544,1232,124,40,3668,1272
00000000000000001000_14463.jpg,1436,331,97,17,1533,348
00000000000000001000_14463.jpg,1925,1215,163,47,2088,1262
00000000000000001000_14463.jpg,3900,1294,135,45,4035,1339
00000000000000001000_2274.jpg,1382,276,86,20,1468,296
00000000000000001000_2274.jpg,1282,628,119,26,1401,654
00000000000000001000_2274.jpg,2846,871,111,30,2957,901
00000000000000001000_2274.jpg,2914,1543,184,66,3098,1609
00000000000000001000_19820.jpg,1124,91,74,15,1198,106
00000000000000001000_19820.jpg,503,405,99,20,602,425
00000000000000001000_19820.jpg,2110,486,96,23,2206,509
00000000000000001000_19820.jpg,313,1343,199,51,512,1394
00000000000000001000_19820.jpg,2575,1497,194,52,2769,1549
00000000000000001000_20487.jpg,3393,1618,174,68,3567,1686
00000000000000001000_12862.jpg,1156,188,83,19,1239,207
00000000000000001000_12080.jpg,1112,134,78,16,1190,150
00000000000000001000_12080.jpg,995,1815,253,66,1248,1881
00000000000000001000_12080.jpg,3082,1625,177,62,3259,1687
00000000000000001000_9229.jpg,1148,1584,220,54,1368,1638
00000000000000001000_13805.jpg,2880,1420,173,55,3053,1475
00000000000000001000_15396.jpg,3159,1638,177,62,3336,1700
00000000000000001000_18354.jpg,3700,1285,131,43,3831,1328
00000000000000001000_24747.jpg,1453,351,88,22,1541,373
00000000000000001000_24747.jpg,3657,1150,142,40,3799,1190
00000000000000001000_10379.jpg,822,112,77,15,899,127
00000000000000001000_10379.jpg,1040,638,115,26,1155,664
00000000000000001000_10379.jpg,2072,544,108,24,2180,568
00000000000000001000_10379.jpg,2990,1573,178,65,3168,1638
00000000000000001000_17764.jpg,2152,3,54,17,2206,20
00000000000000001000_17764.jpg,1792,173,142,22,1934,195
00000000000000001000_17764.jpg,1902,438,83,22,1985,460
00000000000000001000_17764.jpg,987,559,114,26,1101,585
00000000000000001000_17764.jpg,3303,1811,180,68,3483,1879
00000000000000001000_9009.jpg,1297,1788,244,76,1541,1864
00000000000000001000_16876.jpg,1396,304,94,20,1490,324
00000000000000001000_16876.jpg,920,604,119,25,1039,629
00000000000000001000_8149.jpg,696,242,94,20,790,262
00000000000000001000_8149.jpg,1654,424,90,19,1744,443
00000000000000001000_8149.jpg,3632,1733,184,71,3816,1804
00000000000000001000_20131.jpg,1374,1842,218,64,1592,1906
00000000000000001000_20131.jpg,3276,1673,182,68,3458,1741
00000000000000001000_20802.jpg,1502,287,86,18,1588,305
00000000000000001000_20802.jpg,3595,1059,119,36,3714,1095
00000000000000001000_20802.jpg,3047,1614,176,62,3223,1676
00000000000000001000_20925.jpg,628,373,102,21,730,394
00000000000000001000_20925.jpg,433,1228,196,52,629,1280
00000000000000001000_20925.jpg,2777,1653,182,64,2959,1717
00000000000000001000_14270.jpg,785,433,104,24,889,457
00000000000000001000_14270.jpg,1042,1666,240,67,1282,1733
00000000000000001000_14270.jpg,2967,1579,181,62,3148,1641
00000000000000001000_4794.jpg,907,472,114,22,1021,494
00000000000000001000_4794.jpg,1469,252,52,47,1521,299
00000000000000001000_4794.jpg,3021,1863,186,65,3207,1928
00000000000000001000_16740.jpg,3704,1141,136,39,3840,1180
00000000000000001000_16622.jpg,2430,793,117,28,2547,821
00000000000000001000_16622.jpg,2708,1571,182,63,2890,1634
00000000000000001000_1442.jpg,436,218,89,18,525,236
00000000000000001000_1442.jpg,1486,266,84,18,1570,284
00000000000000001000_1442.jpg,1397,717,134,33,1531,750
00000000000000001000_1442.jpg,3982,1499,101,46,4083,1545
00000000000000001000_17471.jpg,1935,964,143,36,2078,1000
00000000000000001000_11704.jpg,2543,1326,163,51,2706,1377
00000000000000001000_11274.jpg,3011,976,123,33,3134,1009
00000000000000001000_11274.jpg,2659,1337,67,72,2726,1409
00000000000000001000_24286.jpg,3505,1140,130,40,3635,1180
00000000000000001000_21361.jpg,3794,1203,120,41,3914,1244
00000000000000001000_21361.jpg,3321,1811,181,62,3502,1873
00000000000000001000_5674.jpg,987,459,117,24,1104,483
00000000000000001000_5674.jpg,2465,129,67,20,2532,149
00000000000000001000_5674.jpg,2295,607,118,26,2413,633
00000000000000001000_5674.jpg,1089,1970,247,71,1336,2041
00000000000000001000_5674.jpg,2776,1546,199,58,2975,1604
00000000000000001000_19089.jpg,667,449,108,23,775,472
00000000000000001000_19089.jpg,410,1389,201,49,611,1438
00000000000000001000_24892.jpg,481,261,94,18,575,279
00000000000000001000_24892.jpg,1387,237,81,16,1468,253
00000000000000001000_24892.jpg,2681,725,109,26,2790,751
00000000000000001000_24892.jpg,1113,1490,203,45,1316,1535
00000000000000001000_24892.jpg,1185,1311,195,30,1380,1341
00000000000000001000_24892.jpg,1459,1417,246,48,1705,1465
00000000000000001000_24892.jpg,863,1888,261,76,1124,1964
00000000000000001000_24892.jpg,3069,1683,182,67,3251,1750
00000000000000001000_10009.jpg,1485,259,83,18,1568,277
00000000000000001000_8749.jpg,2070,486,100,23,2170,509
00000000000000001000_8749.jpg,2554,1537,192,61,2746,1598
00000000000000001000_5604.jpg,1547,1694,88,91,1635,1785
00000000000000001000_6889.jpg,1215,686,132,31,1347,717
00000000000000001000_8544.jpg,1576,433,88,20,1664,453
00000000000000001000_19737.jpg,933,695,108,28,1041,723
00000000000000001000_19737.jpg,3275,1632,183,67,3458,1699
00000000000000001000_4704.jpg,929,1325,191,55,1120,1380
00000000000000001000_4704.jpg,2955,1442,167,57,3122,1499
00000000000000001000_9534.jpg,3534,1082,130,36,3664,1118
00000000000000001000_23785.jpg,2922,968,124,33,3046,1001
00000000000000001000_6894.jpg,751,410,109,22,860,432
00000000000000001000_6894.jpg,2997,865,121,33,3118,898
00000000000000001000_6894.jpg,2687,1534,189,64,2876,1598
00000000000000001000_21596.jpg,2851,1398,168,55,3019,1453
00000000000000001000_20527.jpg,1262,152,79,15,1341,167
00000000000000001000_20527.jpg,3938,1153,130,37,4068,1190
00000000000000001000_16914.jpg,894,128,45,14,939,142
00000000000000001000_16914.jpg,1242,637,123,29,1365,666
00000000000000001000_16914.jpg,2896,1663,178,59,3074,1722
00000000000000001000_6019.jpg,944,66,64,18,1008,84
00000000000000001000_6019.jpg,3818,1201,125,42,3943,1243
00000000000000001000_24206.jpg,1694,338,89,19,1783,357
00000000000000001000_24206.jpg,3439,1165,76,33,3515,1198
00000000000000001000_23507.jpg,2396,1420,166,47,2562,1467
00000000000000001000_17110.jpg,790,333,99,21,889,354
00000000000000001000_17110.jpg,1408,318,85,19,1493,337
00000000000000001000_17110.jpg,3777,1136,127,41,3904,1177
00000000000000001000_17110.jpg,3112,1760,185,70,3297,1830
00000000000000001000_20006.jpg,825,118,71,16,896,134
00000000000000001000_20006.jpg,668,502,109,22,777,524
00000000000000001000_20006.jpg,2619,799,126,32,2745,831
00000000000000001000_20006.jpg,2568,1562,183,64,2751,1626
00000000000000001000_5704.jpg,1957,448,94,21,2051,469
00000000000000001000_5704.jpg,709,1528,226,64,935,1592
00000000000000001000_5704.jpg,2713,1499,178,59,2891,1558
00000000000000001000_18747.jpg,604,1390,199,50,803,1440
00000000000000001000_18747.jpg,3512,1125,116,41,3628,1166
00000000000000001000_20091.jpg,3694,972,53,32,3747,1004
00000000000000001000_20091.jpg,2568,1796,162,50,2730,1846
00000000000000001000_21170.jpg,1400,347,91,20,1491,367
00000000000000001000_21170.jpg,812,595,116,28,928,623
00000000000000001000_21170.jpg,2697,827,119,31,2816,858
00000000000000001000_21170.jpg,2873,1607,184,61,3057,1668
00000000000000001000_24812.jpg,1889,521,102,23,1991,544
00000000000000001000_24812.jpg,3969,1376,122,48,4091,1424
00000000000000001000_10889.jpg,2763,1382,172,56,2935,1438
00000000000000001000_12243.jpg,84,75,74,16,158,91
00000000000000001000_12243.jpg,782,108,71,15,853,123
00000000000000001000_12243.jpg,561,324,99,20,660,344
00000000000000001000_11616.jpg,651,340,105,22,756,362
00000000000000001000_11616.jpg,1629,373,94,21,1723,394
00000000000000001000_11616.jpg,3948,1405,127,48,4075,1453
00000000000000001000_11616.jpg,2981,1732,185,66,3166,1798
00000000000000001000_3559.jpg,2916,1736,169,60,3085,1796
00000000000000001000_8374.jpg,566,277,96,21,662,298
00000000000000001000_8374.jpg,724,1807,245,64,969,1871
00000000000000001000_8374.jpg,2929,1761,181,65,3110,1826
00000000000000001000_11392.jpg,1769,606,104,23,1873,629
00000000000000001000_11392.jpg,3892,1414,139,44,4031,1458
00000000000000001000_23429.jpg,2538,1002,130,32,2668,1034
00000000000000001000_51.jpg,1166,688,128,29,1294,717
00000000000000001000_51.jpg,2044,544,104,24,2148,568
00000000000000001000_51.jpg,3032,1613,192,65,3224,1678
00000000000000001000_19529.jpg,417,195,86,17,503,212
00000000000000001000_19529.jpg,1823,329,92,20,1915,349
00000000000000001000_19529.jpg,2877,1542,177,60,3054,1602
00000000000000001000_7794.jpg,1820,981,151,38,1971,1019
00000000000000001000_7794.jpg,3872,1337,128,44,4000,1381
00000000000000001000_3484.jpg,2352,1196,163,47,2515,1243
00000000000000001000_6244.jpg,3651,1298,130,43,3781,1341
00000000000000001000_6244.jpg,2772,1686,206,63,2978,1749
00000000000000001000_6244.jpg,2777,1864,110,42,2887,1906
00000000000000001000_18013.jpg,2833,1512,181,62,3014,1574
00000000000000001000_6664.jpg,750,1588,229,62,979,1650
00000000000000001000_66.jpg,2870,1711,176,59,3046,1770
00000000000000001000_1657.jpg,545,304,97,21,642,325
00000000000000001000_1657.jpg,1720,367,90,19,1810,386
00000000000000001000_1657.jpg,3414,1093,117,36,3531,1129
00000000000000001000_1657.jpg,2885,1698,174,61,3059,1759
00000000000000001000_16803.jpg,1365,377,91,21,1456,398
00000000000000001000_16803.jpg,3892,1114,123,39,4015,1153
00000000000000001000_19810.jpg,456,289,97,20,553,309
00000000000000001000_19810.jpg,2208,478,98,24,2306,502
00000000000000001000_19810.jpg,314,1349,197,40,511,1389
00000000000000001000_19810.jpg,2818,1783,178,64,2996,1847
00000000000000001000_12293.jpg,578,394,103,23,681,417
00000000000000001000_12293.jpg,2736,1537,175,57,2911,1594
00000000000000001000_14899.jpg,3769,1277,135,44,3904,1321
00000000000000001000_22953.jpg,2643,1589,176,56,2819,1645
00000000000000001000_14528.jpg,715,233,94,21,809,254
00000000000000001000_14528.jpg,1782,424,91,21,1873,445
00000000000000001000_14528.jpg,1051,694,128,31,1179,725
00000000000000001000_14528.jpg,539,1445,203,54,742,1499
00000000000000001000_13985.jpg,3232,1763,184,71,3416,1834
00000000000000001000_9594.jpg,2048,451,101,23,2149,474
00000000000000001000_9594.jpg,1300,659,128,28,1428,687
00000000000000001000_9594.jpg,3041,1617,181,65,3222,1682
00000000000000001000_3394.jpg,3177,1663,177,63,3354,1726
00000000000000001000_23454.jpg,1190,646,126,30,1316,676
00000000000000001000_23454.jpg,2528,761,105,26,2633,787
00000000000000001000_16274.jpg,989,436,108,23,1097,459
00000000000000001000_16274.jpg,1644,439,93,20,1737,459
00000000000000001000_16274.jpg,512,1211,198,53,710,1264
00000000000000001000_16274.jpg,2846,1454,183,57,3029,1511
00000000000000001000_17145.jpg,480,372,97,20,577,392
00000000000000001000_17145.jpg,1785,128,69,49,1854,177
00000000000000001000_17145.jpg,3002,248,118,60,3120,308
00000000000000001000_17145.jpg,3863,1155,124,41,3987,1196
00000000000000001000_17145.jpg,2956,1661,179,65,3135,1726
00000000000000001000_11942.jpg,1127,259,81,17,1208,276
00000000000000001000_11942.jpg,495,375,98,22,593,397
00000000000000001000_11942.jpg,2812,1534,175,58,2987,1592
00000000000000001000_21561.jpg,202,109,83,16,285,125
00000000000000001000_21561.jpg,2984,1830,195,72,3179,1902
00000000000000001000_14175.jpg,3067,1710,179,67,3246,1777
00000000000000001000_2121.jpg,327,146,88,18,415,164
00000000000000001000_2121.jpg,1378,205,87,19,1465,224
00000000000000001000_2121.jpg,1755,585,100,23,1855,608
00000000000000001000_2121.jpg,3017,1730,205,62,3222,1792
00000000000000001000_9714.jpg,1149,100,74,15,1223,115
00000000000000001000_9714.jpg,901,1784,252,73,1153,1857
00000000000000001000_18885.jpg,1256,320,90,17,1346,337
00000000000000001000_7274.jpg,896,1332,206,57,1102,1389
00000000000000001000_7274.jpg,3677,1129,125,40,3802,1169
00000000000000001000_5159.jpg,3896,1247,127,41,4023,1288
00000000000000001000_19905.jpg,561,213,87,18,648,231
00000000000000001000_19905.jpg,1695,407,94,20,1789,427
00000000000000001000_19905.jpg,1757,886,137,37,1894,923
00000000000000001000_19905.jpg,3229,1013,124,37,3353,1050
00000000000000001000_14774.jpg,739,1674,213,62,952,1736
00000000000000001000_14774.jpg,3719,1728,161,57,3880,1785
00000000000000001000_19692.jpg,1430,301,84,18,1514,319
00000000000000001000_19692.jpg,1855,964,148,40,2003,1004
00000000000000001000_19692.jpg,3867,1187,128,43,3995,1230
00000000000000001000_8259.jpg,2072,689,132,27,2204,716
00000000000000001000_8259.jpg,2146,1361,182,56,2328,1417
00000000000000001000_5154.jpg,696,393,107,22,803,415
00000000000000001000_5154.jpg,2307,698,115,28,2422,726
00000000000000001000_5154.jpg,2800,1574,189,62,2989,1636
00000000000000001000_9699.jpg,1758,384,89,21,1847,405
00000000000000001000_9699.jpg,901,1784,253,73,1154,1857
00000000000000001000_9699.jpg,2687,1668,179,58,2866,1726
00000000000000001000_2909.jpg,2695,1495,189,59,2884,1554
00000000000000001000_16715.jpg,3768,1345,127,45,3895,1390
00000000000000001000_16715.jpg,976,1638,234,63,1210,1701
00000000000000001000_7834.jpg,904,578,110,25,1014,603
00000000000000001000_7834.jpg,847,1514,228,56,1075,1570
00000000000000001000_2399.jpg,841,39,60,14,901,53
00000000000000001000_2399.jpg,1477,342,89,18,1566,360
00000000000000001000_2399.jpg,1719,917,141,36,1860,953
00000000000000001000_2399.jpg,3991,1392,106,43,4097,1435
00000000000000001000_5474.jpg,204,88,78,18,282,106
00000000000000001000_5474.jpg,1333,197,87,18,1420,215
00000000000000001000_5474.jpg,339,872,167,44,506,916
00000000000000001000_5474.jpg,3989,1385,105,41,4094,1426
00000000000000001000_22015.jpg,1317,399,90,18,1407,417
00000000000000001000_3244.jpg,635,1380,216,57,851,1437
00000000000000001000_3244.jpg,3578,1230,129,43,3707,1273
00000000000000001000_18186.jpg,281,178,88,18,369,196
00000000000000001000_18186.jpg,1737,459,90,20,1827,479
00000000000000001000_24907.jpg,944,82,77,16,1021,98
00000000000000001000_24907.jpg,385,211,91,19,476,230
00000000000000001000_24907.jpg,1676,324,88,20,1764,344
00000000000000001000_24907.jpg,3117,1925,186,67,3303,1992
00000000000000001000_21436.jpg,1090,504,115,26,1205,530
00000000000000001000_21436.jpg,2985,969,182,44,3167,1013
00000000000000001000_21436.jpg,2607,1568,193,65,2800,1633
00000000000000001000_21436.jpg,2724,1654,89,25,2813,1679
00000000000000001000_9859.jpg,1169,218,84,19,1253,237
00000000000000001000_9859.jpg,763,1548,233,63,996,1611
00000000000000001000_9859.jpg,3142,1703,183,67,3325,1770
00000000000000001000_5999.jpg,2467,1561,200,57,2667,1618
00000000000000001000_2739.jpg,425,216,58,18,483,234
00000000000000001000_2739.jpg,1862,427,97,20,1959,447
00000000000000001000_2739.jpg,3363,1000,119,35,3482,1035
00000000000000001000_2739.jpg,3187,1682,180,58,3367,1740
00000000000000001000_12228.jpg,3861,1440,133,43,3994,1483
00000000000000001000_21376.jpg,718,354,106,23,824,377
00000000000000001000_21376.jpg,1528,423,93,21,1621,444
00000000000000001000_21376.jpg,3256,1198,126,37,3382,1235
00000000000000001000_21376.jpg,3093,1887,180,68,3273,1955
00000000000000001000_20301.jpg,2809,1506,190,61,2999,1567
00000000000000001000_8669.jpg,2845,1492,172,61,3017,1553
00000000000000001000_17062.jpg,969,117,65,14,1034,131
00000000000000001000_17062.jpg,3869,1310,140,45,4009,1355
00000000000000001000_23163.jpg,469,347,95,19,564,366
00000000000000001000_23163.jpg,2914,1817,191,65,3105,1882
00000000000000001000_1073.jpg,2353,753,108,26,2461,779
00000000000000001000_1073.jpg,2556,1506,180,58,2736,1564
00000000000000001000_17824.jpg,3212,1462,165,54,3377,1516
00000000000000001000_23597.jpg,3044,949,127,35,3171,984
00000000000000001000_16967.jpg,1421,483,93,21,1514,504
00000000000000001000_16967.jpg,3863,1440,132,46,3995,1486
00000000000000001000_17426.jpg,773,38,69,15,842,53
00000000000000001000_17426.jpg,1054,638,114,26,1168,664
00000000000000001000_17426.jpg,3133,1820,178,63,3311,1883
00000000000000001000_11.jpg,1416,1495,198,44,1614,1539
00000000000000001000_12110.jpg,996,1814,251,66,1247,1880
00000000000000001000_12110.jpg,3193,1576,173,60,3366,1636
00000000000000001000_19584.jpg,903,515,108,24,1011,539
00000000000000001000_19584.jpg,3475,1172,138,41,3613,1213
00000000000000001000_19584.jpg,3379,1810,186,74,3565,1884
00000000000000001000_2674.jpg,3874,1232,102,40,3976,1272
00000000000000001000_9029.jpg,3744,1311,135,43,3879,1354
00000000000000001000_6374.jpg,518,930,173,43,691,973
00000000000000001000_6374.jpg,2856,1689,180,62,3036,1751
00000000000000001000_2694.jpg,1710,848,137,31,1847,879
00000000000000001000_2694.jpg,3990,1261,93,41,4083,1302
00000000000000001000_7979.jpg,1705,364,95,21,1800,385
00000000000000001000_7979.jpg,2664,454,54,24,2718,478
00000000000000001000_7979.jpg,3872,1243,124,45,3996,1288
00000000000000001000_9284.jpg,2623,700,107,27,2730,727
00000000000000001000_9284.jpg,2136,809,122,35,2258,844
00000000000000001000_17681.jpg,2355,1118,154,46,2509,1164
00000000000000001000_16249.jpg,1256,232,86,18,1342,250
00000000000000001000_16249.jpg,2676,1753,194,64,2870,1817
00000000000000001000_963.jpg,700,69,68,13,768,82
00000000000000001000_963.jpg,748,465,113,25,861,490
00000000000000001000_963.jpg,1344,267,91,18,1435,285
00000000000000001000_963.jpg,3464,1117,137,43,3601,1160
00000000000000001000_3074.jpg,600,245,86,18,686,263
00000000000000001000_3074.jpg,159,832,134,38,293,870
00000000000000001000_3074.jpg,2934,1505,176,59,3110,1564
00000000000000001000_933.jpg,1058,123,78,16,1136,139
00000000000000001000_933.jpg,360,392,101,22,461,414
00000000000000001000_933.jpg,2471,752,116,29,2587,781
00000000000000001000_933.jpg,2947,1717,191,70,3138,1787
00000000000000001000_7714.jpg,3413,1313,146,46,3559,1359
00000000000000001000_24952.jpg,393,223,86,20,479,243
00000000000000001000_24952.jpg,1169,603,119,27,1288,630
00000000000000001000_18707.jpg,1355,304,81,18,1436,322
00000000000000001000_18707.jpg,605,1389,198,52,803,1441
00000000000000001000_18707.jpg,2655,1549,193,55,2848,1604
00000000000000001000_16947.jpg,2573,1339,158,48,2731,1387
00000000000000001000_16947.jpg,1498,1629,219,68,1717,1697
00000000000000001000_20213.jpg,988,499,115,25,1103,524
00000000000000001000_20213.jpg,2930,1911,202,76,3132,1987
00000000000000001000_11170.jpg,857,94,71,15,928,109
00000000000000001000_11170.jpg,1087,596,122,28,1209,624
00000000000000001000_11170.jpg,3545,1184,127,40,3672,1224
00000000000000001000_11170.jpg,2822,1661,182,64,3004,1725
00000000000000001000_14230.jpg,827,501,109,22,936,523
00000000000000001000_14230.jpg,3753,1170,124,38,3877,1208
00000000000000001000_14230.jpg,1043,1666,239,66,1282,1732
00000000000000001000_14230.jpg,3526,1896,188,76,3714,1972
00000000000000001000_10699.jpg,508,361,101,22,609,383
00000000000000001000_10699.jpg,2192,571,106,24,2298,595
00000000000000001000_10699.jpg,3015,1613,184,63,3199,1676
00000000000000001000_11952.jpg,1792,496,94,20,1886,516
00000000000000001000_11952.jpg,2800,1609,183,64,2983,1673
00000000000000001000_14220.jpg,243,109,78,16,321,125
00000000000000001000_14220.jpg,1043,1666,240,67,1283,1733
00000000000000001000_13870.jpg,3084,1808,180,66,3264,1874
00000000000000001000_2479.jpg,1207,91,75,16,1282,107
00000000000000001000_2479.jpg,427,230,92,20,519,250
00000000000000001000_2479.jpg,300,1098,184,44,484,1142
00000000000000001000_2479.jpg,3002,1540,171,61,3173,1601
00000000000000001000_20943.jpg,473,273,90,20,563,293
00000000000000001000_20943.jpg,1409,294,88,19,1497,313
00000000000000001000_18494.jpg,2596,1379,172,54,2768,1433
00000000000000001000_12762.jpg,3695,1451,144,48,3839,1499
00000000000000001000_13067.jpg,3483,1172,135,39,3618,1211
00000000000000001000_11812.jpg,469,182,87,18,556,200
00000000000000001000_11812.jpg,1337,236,84,18,1421,254
00000000000000001000_11812.jpg,3730,1058,122,40,3852,1098
00000000000000001000_11812.jpg,3009,1420,170,60,3179,1480
00000000000000001000_254.jpg,1300,697,133,32,1433,729
00000000000000001000_254.jpg,1326,1944,246,75,1572,2019
00000000000000001000_20597.jpg,2671,1335,166,51,2837,1386
00000000000000001000_20597.jpg,972,1643,227,73,1199,1716
00000000000000001000_23439.jpg,1952,1015,140,38,2092,1053
00000000000000001000_9269.jpg,1060,165,81,18,1141,183
00000000000000001000_9269.jpg,1235,664,124,31,1359,695
00000000000000001000_9269.jpg,2497,778,115,28,2612,806
00000000000000001000_9269.jpg,3184,1819,172,68,3356,1887
00000000000000001000_24462.jpg,467,319,91,19,558,338
00000000000000001000_24462.jpg,1509,684,132,31,1641,715
00000000000000001000_24462.jpg,2849,1623,191,63,3040,1686
00000000000000001000_23860.jpg,1245,279,87,19,1332,298
00000000000000001000_23860.jpg,3367,1115,123,38,3490,1153
00000000000000001000_23860.jpg,723,1515,225,62,948,1577
00000000000000001000_12782.jpg,617,379,94,20,711,399
00000000000000001000_12782.jpg,2822,1888,197,72,3019,1960
00000000000000001000_7839.jpg,544,368,94,20,638,388
00000000000000001000_7839.jpg,3178,806,116,32,3294,838
00000000000000001000_7839.jpg,846,1511,229,56,1075,1567
00000000000000001000_7839.jpg,2903,1590,178,64,3081,1654
00000000000000001000_6284.jpg,2572,1418,182,58,2754,1476
00000000000000001000_22580.jpg,957,487,110,25,1067,512
00000000000000001000_22580.jpg,1947,474,99,21,2046,495
00000000000000001000_22580.jpg,3007,1671,186,68,3193,1739
00000000000000001000_14779.jpg,1548,275,88,17,1636,292
00000000000000001000_14779.jpg,2865,842,110,32,2975,874
00000000000000001000_14779.jpg,3144,1840,182,69,3326,1909
00000000000000001000_3119.jpg,3652,1325,141,41,3793,1366
00000000000000001000_5104.jpg,3645,1585,160,60,3805,1645
00000000000000001000_4884.jpg,1098,161,75,16,1173,177
00000000000000001000_4884.jpg,3890,1516,155,59,4045,1575
00000000000000001000_17899.jpg,1230,294,96,18,1326,312
00000000000000001000_17899.jpg,3810,1176,128,41,3938,1217
00000000000000001000_397.jpg,789,74,68,15,857,89
00000000000000001000_397.jpg,3181,1060,145,35,3326,1095
00000000000000001000_20467.jpg,3009,1474,172,61,3181,1535
00000000000000001000_1897.jpg,638,399,111,24,749,423
00000000000000001000_1897.jpg,1512,418,97,22,1609,440
00000000000000001000_1897.jpg,3030,1659,183,67,3213,1726
00000000000000001000_19604.jpg,3597,1233,136,44,3733,1277
00000000000000001000_20031.jpg,999,131,75,16,1074,147
00000000000000001000_20031.jpg,730,547,120,27,850,574
00000000000000001000_20031.jpg,3817,1369,138,43,3955,1412
00000000000000001000_3459.jpg,262,157,86,19,348,176
00000000000000001000_3459.jpg,2632,1506,175,56,2807,1562
00000000000000001000_19119.jpg,1718,969,150,39,1868,1008
00000000000000001000_2834.jpg,972,601,119,24,1091,625
00000000000000001000_2684.jpg,2839,1477,175,53,3014,1530
00000000000000001000_21147.jpg,585,1195,188,46,773,1241
00000000000000001000_12662.jpg,812,38,73,15,885,53
00000000000000001000_12662.jpg,909,474,115,25,1024,499
00000000000000001000_12662.jpg,2448,1314,171,50,2619,1364
00000000000000001000_12662.jpg,3654,913,113,102,3767,1015
00000000000000001000_12662.jpg,3796,1265,144,41,3940,1306
00000000000000001000_2634.jpg,2675,1493,180,59,2855,1552
00000000000000001000_1727.jpg,2630,1332,167,52,2797,1384
00000000000000001000_11666.jpg,2848,1633,171,57,3019,1690
00000000000000001000_7374.jpg,1125,613,125,30,1250,643
00000000000000001000_7374.jpg,2870,947,127,31,2997,978
00000000000000001000_7374.jpg,712,1659,223,60,935,1719
00000000000000001000_7374.jpg,3338,1745,183,71,3521,1816
00000000000000001000_1632.jpg,1458,299,89,20,1547,319
00000000000000001000_1632.jpg,2892,927,150,34,3042,961
00000000000000001000_1632.jpg,2689,1546,178,59,2867,1605
00000000000000001000_4154.jpg,775,548,117,26,892,574
00000000000000001000_4154.jpg,3029,1643,183,63,3212,1706
00000000000000001000_19687.jpg,666,388,103,22,769,410
00000000000000001000_19687.jpg,1764,450,95,21,1859,471
00000000000000001000_19687.jpg,3176,1670,181,64,3357,1734
00000000000000001000_18993.jpg,3608,1234,137,46,3745,1280
00000000000000001000_18993.jpg,865,1544,198,60,1063,1604
00000000000000001000_22131.jpg,1667,546,103,23,1770,569
00000000000000001000_22131.jpg,3775,1212,115,41,3890,1253
00000000000000001000_22131.jpg,3238,1867,181,72,3419,1939
00000000000000001000_23026.jpg,1658,409,102,23,1760,432
00000000000000001000_6964.jpg,1107,110,77,16,1184,126
00000000000000001000_6964.jpg,797,417,112,23,909,440
00000000000000001000_6964.jpg,2030,594,103,24,2133,618
00000000000000001000_6964.jpg,2651,1550,182,59,2833,1609
00000000000000001000_4649.jpg,714,494,109,24,823,518
00000000000000001000_4649.jpg,1859,404,97,22,1956,426
00000000000000001000_4649.jpg,474,1049,178,43,652,1092
00000000000000001000_4649.jpg,2507,1440,184,57,2691,1497
00000000000000001000_3529.jpg,2132,460,101,22,2233,482
00000000000000001000_3529.jpg,2714,1476,181,56,2895,1532
00000000000000001000_7539.jpg,582,421,112,24,694,445
00000000000000001000_7539.jpg,2307,644,109,28,2416,672
00000000000000001000_7539.jpg,2706,1538,183,62,2889,1600
00000000000000001000_24362.jpg,672,865,237,33,909,898
00000000000000001000_24362.jpg,949,862,182,30,1131,892
00000000000000001000_24362.jpg,3514,1110,126,35,3640,1145
00000000000000001000_24362.jpg,749,1761,224,62,973,1823
00000000000000001000_10449.jpg,3689,1431,160,55,3849,1486
00000000000000001000_10449.jpg,767,1516,218,60,985,1576
00000000000000001000_7779.jpg,2681,1598,178,64,2859,1662
00000000000000001000_8764.jpg,3111,1791,117,50,3228,1841
00000000000000001000_8464.jpg,3113,909,117,33,3230,942
00000000000000001000_8464.jpg,2844,1829,187,70,3031,1899
00000000000000001000_4179.jpg,2993,1631,177,61,3170,1692
00000000000000001000_17834.jpg,3553,1177,137,42,3690,1219
00000000000000001000_453.jpg,2547,819,115,29,2662,848
00000000000000001000_12582.jpg,797,46,71,14,868,60
00000000000000001000_12582.jpg,81,50,76,16,157,66
00000000000000001000_12582.jpg,1215,850,134,32,1349,882
00000000000000001000_12582.jpg,3784,1459,90,43,3874,1502
00000000000000001000_10454.jpg,3768,1131,127,44,3895,1175
00000000000000001000_10454.jpg,767,1515,218,62,985,1577
00000000000000001000_4279.jpg,582,172,88,19,670,191
00000000000000001000_4279.jpg,1682,341,94,19,1776,360
00000000000000001000_4279.jpg,1467,654,118,27,1585,681
00000000000000001000_4279.jpg,2946,1275,150,38,3096,1313
00000000000000001000_4279.jpg,2849,1661,204,65,3053,1726
00000000000000001000_13212.jpg,448,284,93,21,541,305
00000000000000001000_13212.jpg,804,1503,224,59,1028,1562
00000000000000001000_20986.jpg,304,318,92,20,396,338
00000000000000001000_20986.jpg,2448,733,115,29,2563,762
00000000000000001000_20986.jpg,776,1638,232,64,1008,1702
00000000000000001000_20986.jpg,2826,1698,173,65,2999,1763
00000000000000001000_19263.jpg,172,82,65,16,237,98
00000000000000001000_19263.jpg,940,640,118,27,1058,667
00000000000000001000_19263.jpg,2895,1698,198,57,3093,1755
00000000000000001000_9984.jpg,1130,610,122,27,1252,637
00000000000000001000_9984.jpg,3483,1090,122,39,3605,1129
00000000000000001000_9984.jpg,3013,1632,190,61,3203,1693
00000000000000001000_4824.jpg,3044,1624,190,63,3234,1687
00000000000000001000_18737.jpg,603,1390,201,51,804,1441
00000000000000001000_18737.jpg,3937,1210,126,43,4063,1253
00000000000000001000_19657.jpg,1126,1560,229,60,1355,1620
00000000000000001000_19657.jpg,3269,1885,188,70,3457,1955
00000000000000001000_11427.jpg,3325,1158,95,36,3420,1194
00000000000000001000_18617.jpg,1235,676,125,29,1360,705
00000000000000001000_18617.jpg,492,1449,203,53,695,1502
00000000000000001000_16327.jpg,2024,661,104,24,2128,685
00000000000000001000_16327.jpg,911,1945,248,72,1159,2017
00000000000000001000_11150.jpg,433,264,93,20,526,284
00000000000000001000_11150.jpg,2101,500,99,22,2200,522
00000000000000001000_11150.jpg,3901,1419,129,47,4030,1466
00000000000000001000_20248.jpg,2563,1444,174,56,2737,1500
00000000000000001000_5514.jpg,1188,1659,228,66,1416,1725
00000000000000001000_3944.jpg,1158,122,80,16,1238,138
00000000000000001000_3944.jpg,2689,706,117,28,2806,734
00000000000000001000_3944.jpg,872,1342,196,54,1068,1396
00000000000000001000_3944.jpg,3106,1653,180,65,3286,1718
00000000000000001000_13860.jpg,458,1419,213,58,671,1477
00000000000000001000_13860.jpg,3886,1156,130,43,4016,1199
00000000000000001000_1882.jpg,2056,576,97,22,2153,598
00000000000000001000_1882.jpg,2660,1531,178,59,2838,1590
00000000000000001000_13545.jpg,243,138,81,17,324,155
00000000000000001000_13545.jpg,917,472,101,25,1018,497
00000000000000001000_1877.jpg,793,408,110,24,903,432
00000000000000001000_1877.jpg,3859,1329,123,36,3982,1365
00000000000000001000_22877.jpg,1963,381,90,21,2053,402
00000000000000001000_22877.jpg,1603,819,142,35,1745,854
00000000000000001000_7869.jpg,847,1511,228,56,1075,1567
00000000000000001000_10479.jpg,3577,1361,132,42,3709,1403
00000000000000001000_22983.jpg,604,252,96,20,700,272
00000000000000001000_22983.jpg,1652,418,92,19,1744,437
00000000000000001000_16868.jpg,1628,848,149,37,1777,885
00000000000000001000_16868.jpg,3354,937,115,34,3469,971
00000000000000001000_17251.jpg,1952,346,127,21,2079,367
00000000000000001000_17251.jpg,1182,642,121,30,1303,672
00000000000000001000_20389.jpg,3604,1108,127,38,3731,1146
00000000000000001000_10289.jpg,767,412,102,20,869,432
00000000000000001000_10289.jpg,1916,470,110,22,2026,492
00000000000000001000_20497.jpg,1194,758,131,32,1325,790
00000000000000001000_20497.jpg,3924,1243,134,45,4058,1288
00000000000000001000_4999.jpg,2663,1286,168,52,2831,1338
00000000000000001000_5854.jpg,2609,1428,174,56,2783,1484
00000000000000001000_1116.jpg,3097,1085,132,35,3229,1120
00000000000000001000_1116.jpg,2980,1719,178,64,3158,1783
00000000000000001000_2374.jpg,865,127,74,16,939,143
00000000000000001000_15471.jpg,938,192,78,17,1016,209
00000000000000001000_15471.jpg,2885,820,112,30,2997,850
00000000000000001000_15471.jpg,520,1229,196,50,716,1279
00000000000000001000_15471.jpg,2613,1557,170,56,2783,1613
00000000000000001000_11345.jpg,1865,524,95,20,1960,544
00000000000000001000_11345.jpg,2834,1464,180,58,3014,1522
00000000000000001000_16357.jpg,998,1616,215,62,1213,1678
00000000000000001000_15431.jpg,1070,583,126,27,1196,610
00000000000000001000_15431.jpg,3520,1166,131,39,3651,1205
00000000000000001000_15431.jpg,2750,1772,190,66,2940,1838
00000000000000001000_11995.jpg,1064,505,118,24,1182,529
00000000000000001000_11995.jpg,3037,718,96,94,3133,812
00000000000000001000_11995.jpg,484,1470,202,58,686,1528
00000000000000001000_11995.jpg,3199,1119,127,32,3326,1151
00000000000000001000_11995.jpg,3250,1730,182,67,3432,1797
00000000000000001000_16317.jpg,3621,1053,122,35,3743,1088
00000000000000001000_16317.jpg,1479,1531,191,56,1670,1587
00000000000000001000_18066.jpg,494,275,94,20,588,295
00000000000000001000_18066.jpg,1182,299,82,18,1264,317
00000000000000001000_18066.jpg,2774,1547,186,63,2960,1610
00000000000000001000_12787.jpg,88,131,78,17,166,148
00000000000000001000_12787.jpg,1476,351,79,22,1555,373
00000000000000001000_12787.jpg,2616,840,119,30,2735,870
00000000000000001000_21619.jpg,1601,933,140,36,1741,969
00000000000000001000_21619.jpg,3767,1338,131,44,3898,1382
00000000000000001000_5719.jpg,1972,433,98,23,2070,456
00000000000000001000_5719.jpg,709,1529,226,62,935,1591
00000000000000001000_5719.jpg,2673,1555,189,58,2862,1613
00000000000000001000_16451.jpg,327,190,87,17,414,207
00000000000000001000_16451.jpg,1221,259,82,18,1303,277
00000000000000001000_16451.jpg,3944,1207,129,43,4073,1250
00000000000000001000_19742.jpg,3741,1263,135,45,3876,1308
00000000000000001000_19742.jpg,2824,1673,175,60,2999,1733
00000000000000001000_7304.jpg,1827,248,99,20,1926,268
00000000000000001000_7304.jpg,1803,435,101,22,1904,457
00000000000000001000_7304.jpg,1222,748,95,30,1317,778
00000000000000001000_7304.jpg,791,1442,223,60,1014,1502
00000000000000001000_7304.jpg,3050,1612,176,61,3226,1673
00000000000000001000_11315.jpg,2866,1591,179,57,3045,1648
00000000000000001000_5629.jpg,722,1433,222,59,944,1492
00000000000000001000_5629.jpg,3881,1216,133,43,4014,1259
00000000000000001000_23036.jpg,2998,1815,183,64,3181,1879
00000000000000001000_16972.jpg,3501,1443,156,52,3657,1495
00000000000000001000_2058.jpg,1303,338,93,20,1396,358
00000000000000001000_5074.jpg,271,173,78,19,349,192
00000000000000001000_5074.jpg,1683,464,96,20,1779,484
00000000000000001000_5074.jpg,1895,1261,160,46,2055,1307
00000000000000001000_5074.jpg,3672,1179,137,41,3809,1220
00000000000000001000_16178.jpg,2449,1479,184,59,2633,1538
00000000000000001000_16178.jpg,3392,1104,129,40,3521,1144
00000000000000001000_17220.jpg,3757,1375,137,45,3894,1420
00000000000000001000_17220.jpg,525,1618,209,58,734,1676
00000000000000001000_19293.jpg,1024,1495,206,56,1230,1551
00000000000000001000_23311.jpg,934,141,73,15,1007,156
00000000000000001000_23311.jpg,548,281,99,18,647,299
00000000000000001000_23311.jpg,2111,563,102,23,2213,586
00000000000000001000_23311.jpg,2844,1537,177,58,3021,1595
00000000000000001000_5859.jpg,1842,450,111,22,1953,472
00000000000000001000_5859.jpg,3233,1809,186,68,3419,1877
00000000000000001000_8914.jpg,2762,1750,186,66,2948,1816
00000000000000001000_18489.jpg,2596,1379,171,55,2767,1434
00000000000000001000_18489.jpg,1099,1690,226,67,1325,1757
00000000000000001000_11289.jpg,2672,1471,179,56,2851,1527
00000000000000001000_17381.jpg,2022,539,101,23,2123,562
00000000000000001000_41.jpg,1581,329,98,20,1679,349
00000000000000001000_41.jpg,3137,1829,197,69,3334,1898
00000000000000001000_14759.jpg,739,1676,213,60,952,1736
00000000000000001000_23955.jpg,2820,1478,156,54,2976,1532
00000000000000001000_16158.jpg,480,300,71,51,551,351
00000000000000001000_16158.jpg,3518,1251,134,40,3652,1291
00000000000000001000_16158.jpg,488,1567,233,66,721,1633
00000000000000001000_16158.jpg,2778,1581,197,66,2975,1647
00000000000000001000_15900.jpg,1474,296,92,20,1566,316
00000000000000001000_15900.jpg,2797,927,115,32,2912,959
00000000000000001000_15900.jpg,2239,1293,189,52,2428,1345
00000000000000001000_15900.jpg,1080,1892,226,68,1306,1960
00000000000000001000_19830.jpg,1750,312,88,19,1838,331
00000000000000001000_19830.jpg,314,1344,196,51,510,1395
00000000000000001000_19830.jpg,3403,1188,122,38,3525,1226
00000000000000001000_19830.jpg,2813,1710,185,66,2998,1776
00000000000000001000_4244.jpg,3384,1138,121,38,3505,1176
00000000000000001000_15669.jpg,3475,1295,133,44,3608,1339
00000000000000001000_15614.jpg,3578,1161,128,41,3706,1202
00000000000000001000_11581.jpg,1062,133,76,16,1138,149
00000000000000001000_11581.jpg,3889,1338,133,44,4022,1382
00000000000000001000_23950.jpg,3189,951,118,32,3307,983
00000000000000001000_1319.jpg,990,570,112,25,1102,595
00000000000000001000_1319.jpg,1979,547,102,23,2081,570
00000000000000001000_22527.jpg,2396,1152,160,45,2556,1197
00000000000000001000_21780.jpg,4008,1307,87,42,4095,1349
00000000000000001000_5379.jpg,3657,1069,126,39,3783,1108
00000000000000001000_8059.jpg,1345,149,79,18,1424,167
00000000000000001000_8059.jpg,3235,1714,182,65,3417,1779
00000000000000001000_9609.jpg,3586,1341,121,44,3707,1385
00000000000000001000_9204.jpg,543,397,106,21,649,418
00000000000000001000_9204.jpg,3575,1124,126,39,3701,1163
00000000000000001000_9204.jpg,2484,1732,191,62,2675,1794
00000000000000001000_12070.jpg,1280,210,81,19,1361,229
00000000000000001000_12070.jpg,543,293,95,21,638,314
00000000000000001000_12070.jpg,1701,1110,151,41,1852,1151
00000000000000001000_12070.jpg,3455,1101,133,36,3588,1137
00000000000000001000_12070.jpg,995,1815,252,66,1247,1881
00000000000000001000_5714.jpg,710,1529,225,61,935,1590
00000000000000001000_14065.jpg,797,19,38,15,835,34
00000000000000001000_14065.jpg,356,222,87,19,443,241
00000000000000001000_14065.jpg,2256,654,103,24,2359,678
00000000000000001000_14065.jpg,2604,1479,183,59,2787,1538
00000000000000001000_17002.jpg,1780,1088,145,40,1925,1128
00000000000000001000_17002.jpg,3762,1183,132,42,3894,1225
00000000000000001000_24316.jpg,2741,904,127,32,2868,936
00000000000000001000_7004.jpg,3197,1664,127,56,3324,1720
00000000000000001000_3714.jpg,484,281,84,18,568,299
00000000000000001000_3714.jpg,1353,282,100,17,1453,299
00000000000000001000_3714.jpg,2209,1351,183,54,2392,1405
00000000000000001000_8394.jpg,725,1807,245,64,970,1871
00000000000000001000_3774.jpg,3222,1271,151,42,3373,1313
00000000000000001000_4864.jpg,1614,1498,65,22,1679,1520
00000000000000001000_6124.jpg,1606,289,85,20,1691,309
00000000000000001000_6124.jpg,3808,1237,127,44,3935,1281
00000000000000001000_20026.jpg,1366,277,85,18,1451,295
00000000000000001000_20026.jpg,2131,1451,186,58,2317,1509
00000000000000001000_10439.jpg,1034,81,74,16,1108,97
00000000000000001000_10439.jpg,3945,1237,124,44,4069,1281
00000000000000001000_10439.jpg,767,1516,218,63,985,1579
00000000000000001000_21800.jpg,498,313,93,18,591,331
00000000000000001000_21800.jpg,3098,1761,195,73,3293,1834
00000000000000001000_23765.jpg,841,157,73,15,914,172
00000000000000001000_23765.jpg,3573,1398,145,45,3718,1443
00000000000000001000_18950.jpg,999,539,112,26,1111,565
00000000000000001000_18950.jpg,2526,1897,204,64,2730,1961
00000000000000001000_6769.jpg,1376,307,89,19,1465,326
00000000000000001000_6769.jpg,3768,1192,128,39,3896,1231
00000000000000001000_23652.jpg,557,278,87,19,644,297
00000000000000001000_23652.jpg,17,710,85,30,102,740
00000000000000001000_23652.jpg,3629,1177,123,45,3752,1222
00000000000000001000_3919.jpg,678,361,97,22,775,383
00000000000000001000_3919.jpg,1437,293,90,20,1527,313
00000000000000001000_3919.jpg,3869,1451,136,44,4005,1495
00000000000000001000_3919.jpg,926,1577,235,67,1161,1644
00000000000000001000_3919.jpg,2965,1542,178,61,3143,1603
00000000000000001000_4659.jpg,1186,173,83,19,1269,192
00000000000000001000_4659.jpg,474,1049,180,43,654,1092
00000000000000001000_14468.jpg,1209,35,54,15,1263,50
00000000000000001000_14468.jpg,945,604,120,28,1065,632
00000000000000001000_14468.jpg,2411,704,114,28,2525,732
00000000000000001000_14468.jpg,3222,1672,182,65,3404,1737
00000000000000001000_16211.jpg,1343,788,126,31,1469,819
00000000000000001000_16211.jpg,980,1971,262,77,1242,2048
00000000000000001000_16211.jpg,2964,1801,177,69,3141,1870
00000000000000001000_22497.jpg,1146,156,79,17,1225,173
00000000000000001000_22497.jpg,3936,1436,146,44,4082,1480
00000000000000001000_5579.jpg,1947,595,108,25,2055,620
00000000000000001000_5579.jpg,2617,1716,190,67,2807,1783
00000000000000001000_21546.jpg,1966,522,97,21,2063,543
00000000000000001000_21546.jpg,880,1595,220,62,1100,1657
00000000000000001000_21546.jpg,3367,1642,168,60,3535,1702
00000000000000001000_19003.jpg,3297,1152,122,35,3419,1187
00000000000000001000_19003.jpg,669,1785,225,64,894,1849
00000000000000001000_19003.jpg,3233,1693,179,69,3412,1762
00000000000000001000_19316.jpg,1910,1091,147,39,2057,1130
00000000000000001000_19316.jpg,3855,1279,134,40,3989,1319
00000000000000001000_19316.jpg,632,1575,207,58,839,1633
00000000000000001000_19189.jpg,2898,915,129,33,3027,948
00000000000000001000_5869.jpg,3165,1478,159,57,3324,1535
00000000000000001000_5869.jpg,1129,1757,223,65,1352,1822
00000000000000001000_9454.jpg,706,357,105,24,811,381
00000000000000001000_9454.jpg,1925,524,99,24,2024,548
00000000000000001000_9454.jpg,2918,1837,186,69,3104,1906
00000000000000001000_7449.jpg,440,135,85,22,525,157
00000000000000001000_7449.jpg,2290,484,98,24,2388,508
00000000000000001000_7449.jpg,2845,1623,181,65,3026,1688
00000000000000001000_14568.jpg,538,1445,204,54,742,1499
00000000000000001000_14568.jpg,3548,1248,140,43,3688,1291
00000000000000001000_15155.jpg,787,1756,222,65,1009,1821
00000000000000001000_15155.jpg,2934,1612,181,62,3115,1674
00000000000000001000_4484.jpg,2816,1537,177,62,2993,1599
00000000000000001000_13695.jpg,275,126,84,17,359,143
00000000000000001000_13695.jpg,1455,343,94,21,1549,364
00000000000000001000_13695.jpg,2955,1574,184,66,3139,1640
00000000000000001000_14523.jpg,998,145,73,15,1071,160
00000000000000001000_14523.jpg,1555,679,131,29,1686,708
00000000000000001000_14523.jpg,540,1446,201,53,741,1499
00000000000000001000_14523.jpg,3464,1077,118,35,3582,1112
00000000000000001000_14523.jpg,2808,1695,186,68,2994,1763
00000000000000001000_22078.jpg,2539,1374,172,54,2711,1428
00000000000000001000_13182.jpg,840,1388,242,60,1082,1448
00000000000000001000_13182.jpg,3860,1502,134,50,3994,1552
00000000000000001000_23052.jpg,449,188,84,18,533,206
00000000000000001000_23052.jpg,1620,385,93,20,1713,405
00000000000000001000_23052.jpg,865,516,116,26,981,542
00000000000000001000_23052.jpg,2963,844,74,28,3037,872
00000000000000001000_23052.jpg,2948,1934,212,64,3160,1998
00000000000000001000_11439.jpg,3162,854,115,32,3277,886
00000000000000001000_11439.jpg,920,1565,219,62,1139,1627
00000000000000001000_20286.jpg,406,160,87,17,493,177
00000000000000001000_20286.jpg,3036,1846,190,67,3226,1913
00000000000000001000_19981.jpg,706,1423,211,56,917,1479
00000000000000001000_19981.jpg,3087,1529,166,60,3253,1589
00000000000000001000_810.jpg,969,498,112,24,1081,522
00000000000000001000_810.jpg,2751,1683,206,68,2957,1751
00000000000000001000_11218.jpg,3693,1973,180,68,3873,2041
00000000000000001000_710.jpg,1132,210,77,17,1209,227
00000000000000001000_710.jpg,535,234,84,17,619,251
00000000000000001000_710.jpg,1249,717,123,26,1372,743
00000000000000001000_710.jpg,2778,1675,175,60,2953,1735
00000000000000001000_14260.jpg,532,307,97,21,629,328
00000000000000001000_14260.jpg,1042,1666,240,67,1282,1733
00000000000000001000_14260.jpg,3087,1549,178,64,3265,1613
00000000000000001000_7369.jpg,2594,1326,170,51,2764,1377
00000000000000001000_9744.jpg,1697,376,94,22,1791,398
00000000000000001000_8144.jpg,1284,216,84,18,1368,234
00000000000000001000_8144.jpg,3759,1290,127,42,3886,1332
00000000000000001000_8144.jpg,3149,1499,173,63,3322,1562
00000000000000001000_14328.jpg,435,145,82,17,517,162
00000000000000001000_14328.jpg,862,506,113,25,975,531
00000000000000001000_14328.jpg,2683,675,105,27,2788,702
00000000000000001000_13017.jpg,590,249,94,21,684,270
00000000000000001000_13017.jpg,1325,319,85,18,1410,337
00000000000000001000_13017.jpg,2791,1685,190,60,2981,1745
00000000000000001000_7729.jpg,1821,481,96,22,1917,503
00000000000000001000_7729.jpg,2919,1521,178,60,3097,1581
00000000000000001000_19722.jpg,1085,691,130,31,1215,722
00000000000000001000_19722.jpg,2872,1807,184,68,3056,1875
00000000000000001000_19712.jpg,1113,613,120,28,1233,641
00000000000000001000_19712.jpg,2907,1752,193,63,3100,1815
00000000000000001000_1502.jpg,102,95,78,17,180,112
00000000000000001000_1502.jpg,1589,1080,157,39,1746,1119
00000000000000001000_8779.jpg,1819,410,96,25,1915,435
00000000000000001000_15984.jpg,3448,1160,136,41,3584,1201
00000000000000001000_15984.jpg,2798,1534,182,60,2980,1594
00000000000000001000_24467.jpg,329,149,54,16,383,165
00000000000000001000_24467.jpg,1702,187,93,21,1795,208
00000000000000001000_24467.jpg,3798,1223,124,39,3922,1262
00000000000000001000_24467.jpg,2935,1521,176,62,3111,1583
00000000000000001000_20602.jpg,1381,375,91,20,1472,395
00000000000000001000_20602.jpg,702,1425,210,62,912,1487
00000000000000001000_20817.jpg,3905,1314,134,42,4039,1356
00000000000000001000_13097.jpg,2854,1753,185,67,3039,1820
00000000000000001000_8364.jpg,725,1807,245,65,970,1872
00000000000000001000_8364.jpg,3022,1571,204,62,3226,1633
00000000000000001000_705.jpg,3918,1362,126,46,4044,1408
00000000000000001000_705.jpg,1267,1617,207,57,1474,1674
00000000000000001000_705.jpg,3216,1704,174,61,3390,1765
00000000000000001000_4124.jpg,2355,654,101,22,2456,676
00000000000000001000_4124.jpg,3892,1296,133,40,4025,1336
00000000000000001000_8694.jpg,1696,905,146,38,1842,943
00000000000000001000_16710.jpg,782,446,106,24,888,470
00000000000000001000_16710.jpg,1386,293,89,19,1475,312
00000000000000001000_16710.jpg,974,1640,202,62,1176,1702
00000000000000001000_16710.jpg,3094,1767,178,64,3272,1831
00000000000000001000_23404.jpg,996,118,75,14,1071,132
00000000000000001000_23404.jpg,500,209,91,20,591,229
00000000000000001000_23404.jpg,1742,874,141,37,1883,911
00000000000000001000_9929.jpg,2814,1560,171,58,2985,1618
00000000000000001000_15035.jpg,517,332,105,21,622,353
00000000000000001000_15035.jpg,2649,967,125,30,2774,997
00000000000000001000_15035.jpg,3275,1831,178,67,3453,1898
00000000000000001000_19376.jpg,3790,1305,124,41,3914,1346
00000000000000001000_1266.jpg,3741,1238,136,44,3877,1282
00000000000000001000_11694.jpg,2408,724,118,27,2526,751
00000000000000001000_11694.jpg,2735,1577,173,58,2908,1635
00000000000000001000_17276.jpg,55,83,52,13,107,96
00000000000000001000_17276.jpg,3108,1679,168,60,3276,1739
00000000000000001000_17626.jpg,843,1591,229,66,1072,1657
00000000000000001000_19159.jpg,2384,1593,182,60,2566,1653
00000000000000001000_14839.jpg,3177,1458,169,59,3346,1517
00000000000000001000_6969.jpg,402,223,90,19,492,242
00000000000000001000_18269.jpg,749,475,107,24,856,499
00000000000000001000_18269.jpg,1856,1239,155,46,2011,1285
00000000000000001000_18269.jpg,3940,1377,139,48,4079,1425
00000000000000001000_18682.jpg,500,348,95,18,595,366
00000000000000001000_18682.jpg,1724,390,96,19,1820,409
00000000000000001000_18682.jpg,3141,1531,170,58,3311,1589
00000000000000001000_269.jpg,1326,1944,245,77,1571,2021
00000000000000001000_7479.jpg,3583,1651,169,66,3752,1717
00000000000000001000_18196.jpg,3979,1513,102,45,4081,1558
00000000000000001000_13820.jpg,2165,565,105,26,2270,591
00000000000000001000_13820.jpg,458,1419,214,58,672,1477
00000000000000001000_13820.jpg,3071,1600,179,62,3250,1662
00000000000000001000_15363.jpg,1710,392,94,23,1804,415
00000000000000001000_15363.jpg,3933,1178,129,42,4062,1220
00000000000000001000_10359.jpg,3536,224,51,36,3587,260
00000000000000001000_8629.jpg,3741,1008,116,39,3857,1047
00000000000000001000_8629.jpg,2698,1410,182,58,2880,1468
00000000000000001000_12153.jpg,779,336,97,19,876,355
00000000000000001000_12153.jpg,1405,237,100,18,1505,255
00000000000000001000_12153.jpg,1954,1080,156,41,2110,1121
00000000000000001000_15198.jpg,463,239,92,19,555,258
00000000000000001000_15198.jpg,1210,306,85,19,1295,325
00000000000000001000_15198.jpg,2402,658,108,24,2510,682
00000000000000001000_15198.jpg,343,1302,198,52,541,1354
00000000000000001000_15198.jpg,2990,1543,175,64,3165,1607
00000000000000001000_6874.jpg,1302,732,125,32,1427,764
00000000000000001000_6874.jpg,2849,1611,185,67,3034,1678
00000000000000001000_5549.jpg,1885,606,99,26,1984,632
00000000000000001000_5549.jpg,3923,1311,127,42,4050,1353
00000000000000001000_5549.jpg,2892,1747,182,63,3074,1810
00000000000000001000_18289.jpg,873,69,73,15,946,84
00000000000000001000_18289.jpg,1964,504,103,24,2067,528
00000000000000001000_21935.jpg,1895,589,101,24,1996,613
00000000000000001000_17246.jpg,153,97,78,16,231,113
00000000000000001000_17246.jpg,1243,292,82,18,1325,310
00000000000000001000_17246.jpg,3106,1668,179,66,3285,1734
00000000000000001000_11054.jpg,1188,1590,215,61,1403,1651
00000000000000001000_2904.jpg,2960,1592,182,65,3142,1657
00000000000000001000_20767.jpg,586,435,98,20,684,455
00000000000000001000_20767.jpg,1885,512,101,22,1986,534
00000000000000001000_20767.jpg,1515,777,145,34,1660,811
00000000000000001000_20767.jpg,3134,971,126,37,3260,1008
00000000000000001000_24517.jpg,616,383,102,21,718,404
00000000000000001000_24517.jpg,3653,1084,130,39,3783,1123
00000000000000001000_24517.jpg,2886,1707,181,64,3067,1771
00000000000000001000_10659.jpg,1084,268,84,17,1168,285
00000000000000001000_10659.jpg,3968,1428,126,46,4094,1474
00000000000000001000_22730.jpg,623,350,101,21,724,371
00000000000000001000_22730.jpg,2897,924,131,34,3028,958
00000000000000001000_22730.jpg,2987,1859,185,68,3172,1927
00000000000000001000_23940.jpg,973,188,78,15,1051,203
00000000000000001000_23940.jpg,178,254,85,19,263,273
00000000000000001000_23940.jpg,2405,1438,168,56,2573,1494
00000000000000001000_21116.jpg,1161,1375,208,53,1369,1428
00000000000000001000_19228.jpg,966,228,80,17,1046,245
00000000000000001000_19228.jpg,780,422,111,25,891,447
00000000000000001000_19228.jpg,3378,1096,130,37,3508,1133
00000000000000001000_19228.jpg,2904,1601,178,61,3082,1662
00000000000000001000_24817.jpg,1009,158,84,20,1093,178
00000000000000001000_24817.jpg,3248,1127,126,36,3374,1163
00000000000000001000_24817.jpg,2552,1502,176,60,2728,1562
00000000000000001000_12772.jpg,1044,510,106,24,1150,534
00000000000000001000_12772.jpg,3341,930,102,30,3443,960
00000000000000001000_12772.jpg,3386,1674,171,65,3557,1739
00000000000000001000_9934.jpg,2912,1599,174,59,3086,1658
00000000000000001000_23840.jpg,2256,935,142,39,2398,974
00000000000000001000_7559.jpg,1370,186,82,19,1452,205
00000000000000001000_7559.jpg,1440,785,136,32,1576,817
00000000000000001000_5079.jpg,1044,195,66,16,1110,211
00000000000000001000_5079.jpg,738,521,111,24,849,545
00000000000000001000_5079.jpg,2271,615,113,27,2384,642
00000000000000001000_5079.jpg,3009,1513,171,61,3180,1574
00000000000000001000_1687.jpg,1157,1811,212,62,1369,1873
00000000000000001000_15541.jpg,2592,1724,181,64,2773,1788
00000000000000001000_21121.jpg,2746,1386,173,57,2919,1443
00000000000000001000_24697.jpg,3560,1199,134,43,3694,1242
00000000000000001000_580.jpg,2101,572,103,24,2204,596
00000000000000001000_580.jpg,1509,753,127,32,1636,785
00000000000000001000_580.jpg,3826,1367,128,44,3954,1411
00000000000000001000_580.jpg,3155,1857,184,68,3339,1925
00000000000000001000_14488.jpg,593,327,101,21,694,348
00000000000000001000_14488.jpg,1577,503,101,22,1678,525
00000000000000001000_14488.jpg,2543,1440,178,57,2721,1497
00000000000000001000_14488.jpg,3707,1204,128,39,3835,1243
00000000000000001000_755.jpg,3227,1200,137,40,3364,1240
00000000000000001000_20900.jpg,1229,230,84,17,1313,247
00000000000000001000_20900.jpg,435,1230,191,50,626,1280
00000000000000001000_20900.jpg,2567,1368,168,54,2735,1422
00000000000000001000_21255.jpg,1013,308,89,19,1102,327
00000000000000001000_21255.jpg,3876,1126,124,41,4000,1167
00000000000000001000_9179.jpg,853,560,116,26,969,586
00000000000000001000_9179.jpg,393,1411,204,51,597,1462
00000000000000001000_9179.jpg,3887,1063,117,53,4004,1116
00000000000000001000_9179.jpg,3800,1217,100,33,3900,1250
00000000000000001000_19963.jpg,880,114,77,15,957,129
00000000000000001000_19963.jpg,1986,635,110,26,2096,661
00000000000000001000_19963.jpg,866,1666,230,64,1096,1730
00000000000000001000_10529.jpg,1335,299,94,19,1429,318
00000000000000001000_10529.jpg,3821,1248,129,39,3950,1287
00000000000000001000_18334.jpg,2208,1524,184,59,2392,1583
00000000000000001000_835.jpg,2482,1288,159,48,2641,1336
00000000000000001000_21734.jpg,949,114,69,14,1018,128
00000000000000001000_21734.jpg,786,463,110,25,896,488
00000000000000001000_21734.jpg,606,1258,179,47,785,1305
00000000000000001000_21734.jpg,3913,1493,138,49,4051,1542
00000000000000001000_4004.jpg,2923,884,123,31,3046,915
00000000000000001000_4004.jpg,1873,1210,180,50,2053,1260
00000000000000001000_16982.jpg,2570,1354,178,56,2748,1410
00000000000000001000_5749.jpg,2773,1170,145,44,2918,1214
00000000000000001000_5749.jpg,709,1528,226,64,935,1592
00000000000000001000_9919.jpg,3610,1246,134,38,3744,1284
00000000000000001000_19845.jpg,313,1344,198,52,511,1396
00000000000000001000_19845.jpg,3796,1273,139,46,3935,1319
00000000000000001000_11767.jpg,655,48,72,14,727,62
00000000000000001000_11767.jpg,804,533,112,24,916,557
00000000000000001000_11767.jpg,1860,513,98,20,1958,533
00000000000000001000_11767.jpg,3900,1420,140,46,4040,1466
00000000000000001000_11767.jpg,2251,1504,178,55,2429,1559
00000000000000001000_2659.jpg,978,571,123,27,1101,598
00000000000000001000_2659.jpg,3010,1068,95,33,3105,1101
00000000000000001000_2659.jpg,3230,1694,178,69,3408,1763
00000000000000001000_7909.jpg,610,331,76,21,686,352
00000000000000001000_7909.jpg,2558,744,118,30,2676,774
00000000000000001000_7909.jpg,2936,1617,183,62,3119,1679
00000000000000001000_2609.jpg,3685,1184,116,42,3801,1226
00000000000000001000_23725.jpg,161,112,83,17,244,129
00000000000000001000_23725.jpg,1528,1011,141,38,1669,1049
00000000000000001000_24151.jpg,2713,1527,185,54,2898,1581
00000000000000001000_5394.jpg,1694,879,135,35,1829,914
00000000000000001000_5394.jpg,422,1111,182,47,604,1158
00000000000000001000_6839.jpg,2202,555,103,23,2305,578
00000000000000001000_6839.jpg,2890,1548,178,61,3068,1609
00000000000000001000_26.jpg,786,126,72,15,858,141
00000000000000001000_26.jpg,3462,911,112,34,3574,945
00000000000000001000_26.jpg,1416,1496,198,42,1614,1538
00000000000000001000_26.jpg,3284,1503,176,61,3460,1564
00000000000000001000_3479.jpg,3247,1749,176,61,3423,1810
00000000000000001000_7459.jpg,123,77,53,21,176,98
00000000000000001000_7459.jpg,631,457,109,24,740,481
00000000000000001000_7459.jpg,3163,1655,188,67,3351,1722
00000000000000001000_7599.jpg,3031,1785,180,70,3211,1855
00000000000000001000_23218.jpg,72,164,81,16,153,180
00000000000000001000_23218.jpg,2021,488,96,22,2117,510
00000000000000001000_23218.jpg,3783,1156,128,42,3911,1198
00000000000000001000_23218.jpg,2618,1688,193,60,2811,1748
00000000000000001000_19574.jpg,771,349,104,22,875,371
00000000000000001000_19574.jpg,2488,748,106,26,2594,774
00000000000000001000_12343.jpg,404,210,93,20,497,230
00000000000000001000_12343.jpg,1907,497,112,22,2019,519
00000000000000001000_12343.jpg,2778,1522,182,58,2960,1580
00000000000000001000_6984.jpg,3830,1226,130,42,3960,1268
00000000000000001000_5904.jpg,3677,1256,132,42,3809,1298
00000000000000001000_21235.jpg,764,1403,206,56,970,1459
00000000000000001000_1782.jpg,901,66,75,14,976,80
00000000000000001000_1782.jpg,418,205,91,18,509,223
00000000000000001000_1782.jpg,2878,1440,173,56,3051,1496
00000000000000001000_8739.jpg,2717,1713,184,62,2901,1775
00000000000000001000_22862.jpg,645,277,91,20,736,297
00000000000000001000_22862.jpg,1390,247,81,16,1471,263
00000000000000001000_22862.jpg,1622,809,132,33,1754,842
00000000000000001000_22862.jpg,3893,1372,130,44,4023,1416
00000000000000001000_22897.jpg,1198,262,83,17,1281,279
00000000000000001000_22897.jpg,3848,1190,125,38,3973,1228
00000000000000001000_7039.jpg,608,388,101,20,709,408
00000000000000001000_7039.jpg,2936,1642,187,66,3123,1708
00000000000000001000_20920.jpg,2513,1446,176,55,2689,1501
00000000000000001000_625.jpg,1133,651,126,30,1259,681
00000000000000001000_625.jpg,3578,919,117,36,3695,955
00000000000000001000_21910.jpg,246,163,81,18,327,181
00000000000000001000_21910.jpg,1368,842,128,32,1496,874
00000000000000001000_21910.jpg,3658,1223,125,39,3783,1262
00000000000000001000_21910.jpg,2980,1922,196,70,3176,1992
00000000000000001000_21795.jpg,968,120,77,15,1045,135
00000000000000001000_21795.jpg,1506,766,133,33,1639,799
00000000000000001000_21795.jpg,3412,1957,182,71,3594,2028
00000000000000001000_22391.jpg,3192,1769,190,71,3382,1840
00000000000000001000_20397.jpg,1301,293,94,21,1395,314
00000000000000001000_20397.jpg,3863,1348,130,34,3993,1382
00000000000000001000_12248.jpg,1760,391,96,22,1856,413
00000000000000001000_12248.jpg,2939,1507,172,61,3111,1568
00000000000000001000_4769.jpg,205,132,72,18,277,150
00000000000000001000_4769.jpg,1270,675,121,28,1391,703
00000000000000001000_4769.jpg,831,1772,233,61,1064,1833
00000000000000001000_4769.jpg,3782,1787,179,67,3961,1854
00000000000000001000_17461.jpg,3900,1303,130,44,4030,1347
00000000000000001000_4939.jpg,568,1462,196,55,764,1517
00000000000000001000_4939.jpg,3441,1180,126,37,3567,1217
00000000000000001000_17701.jpg,3613,1263,137,45,3750,1308
00000000000000001000_13072.jpg,2757,1477,164,54,2921,1531
00000000000000001000_3454.jpg,2745,1604,183,62,2928,1666
00000000000000001000_1507.jpg,159,166,86,17,245,183
00000000000000001000_1507.jpg,1633,353,95,22,1728,375
00000000000000001000_1507.jpg,2776,1568,179,62,2955,1630
00000000000000001000_19935.jpg,3921,1221,119,42,4040,1263
00000000000000001000_14984.jpg,3660,1157,127,41,3787,1198
00000000000000001000_23637.jpg,1230,1508,216,58,1446,1566
00000000000000001000_24357.jpg,1432,279,87,18,1519,297
00000000000000001000_24357.jpg,672,865,237,33,909,898
00000000000000001000_24357.jpg,948,861,183,32,1131,893
00000000000000001000_24357.jpg,3884,1302,131,43,4015,1345
00000000000000001000_24357.jpg,749,1761,224,62,973,1823
00000000000000001000_16514.jpg,407,252,90,18,497,270
00000000000000001000_16514.jpg,1638,316,90,20,1728,336
00000000000000001000_16514.jpg,2933,1727,179,63,3112,1790
00000000000000001000_21165.jpg,589,207,90,18,679,225
00000000000000001000_21165.jpg,1243,226,84,18,1327,244
00000000000000001000_21165.jpg,2222,694,111,24,2333,718
00000000000000001000_21165.jpg,2936,1860,188,74,3124,1934
00000000000000001000_7964.jpg,827,1272,205,55,1032,1327
00000000000000001000_5779.jpg,1212,1177,142,31,1354,1208
00000000000000001000_5779.jpg,1175,1237,90,24,1265,1261
00000000000000001000_5779.jpg,3559,1165,135,40,3694,1205
00000000000000001000_5779.jpg,828,1589,224,55,1052,1644
00000000000000001000_12163.jpg,945,183,76,15,1021,198
00000000000000001000_12163.jpg,633,377,94,22,727,399
00000000000000001000_12163.jpg,2759,912,111,29,2870,941
00000000000000001000_17092.jpg,3251,1149,134,41,3385,1190
00000000000000001000_20126.jpg,3458,1134,137,37,3595,1171
00000000000000001000_20567.jpg,1271,219,81,18,1352,237
00000000000000001000_20567.jpg,1065,1787,244,73,1309,1860
00000000000000001000_20567.jpg,2901,1625,179,62,3080,1687
00000000000000001000_2181.jpg,376,372,104,22,480,394
00000000000000001000_2181.jpg,2154,642,112,26,2266,668
00000000000000001000_2181.jpg,2868,1677,179,64,3047,1741
00000000000000001000_15835.jpg,1065,163,75,15,1140,178
00000000000000001000_15835.jpg,1770,959,156,46,1926,1005
00000000000000001000_15835.jpg,3858,1276,128,43,3986,1319
00000000000000001000_16037.jpg,2507,817,110,27,2617,844
00000000000000001000_16037.jpg,2987,1355,159,52,3146,1407
00000000000000001000_16037.jpg,813,1715,231,62,1044,1777
00000000000000001000_18782.jpg,2424,1790,195,68,2619,1858
00000000000000001000_18983.jpg,1525,363,90,18,1615,381
00000000000000001000_18983.jpg,3844,1431,126,46,3970,1477
00000000000000001000_18787.jpg,1835,626,108,24,1943,650
00000000000000001000_14458.jpg,1713,448,107,18,1820,466
00000000000000001000_14458.jpg,2689,1681,187,65,2876,1746
00000000000000001000_20612.jpg,2670,1505,142,51,2812,1556
00000000000000001000_2027.jpg,1977,412,98,21,2075,433
00000000000000001000_2027.jpg,2910,1296,162,57,3072,1353
00000000000000001000_2035.jpg,2677,1495,179,59,2856,1554
00000000000000001000_17759.jpg,401,295,93,18,494,313
00000000000000001000_17759.jpg,1533,485,82,22,1615,507
00000000000000001000_10199.jpg,393,1561,211,62,604,1623
00000000000000001000_22219.jpg,3497,1813,171,68,3668,1881
00000000000000001000_8899.jpg,622,1433,212,59,834,1492
00000000000000001000_8899.jpg,3887,1391,95,50,3982,1441
00000000000000001000_489.jpg,695,1146,187,47,882,1193
00000000000000001000_489.jpg,3962,1313,128,46,4090,1359
00000000000000001000_7694.jpg,2041,482,103,24,2144,506
00000000000000001000_7694.jpg,716,429,117,25,833,454
00000000000000001000_7694.jpg,3229,923,118,33,3347,956
00000000000000001000_7694.jpg,2944,1644,178,63,3122,1707
00000000000000001000_7054.jpg,1376,733,140,35,1516,768
00000000000000001000_565.jpg,3497,979,121,36,3618,1015
00000000000000001000_14388.jpg,1333,278,84,18,1417,296
00000000000000001000_23351.jpg,2360,1239,160,49,2520,1288
00000000000000001000_23351.jpg,1096,1756,218,57,1314,1813
00000000000000001000_2734.jpg,3337,1776,183,65,3520,1841
00000000000000001000_14789.jpg,2503,817,114,26,2617,843
00000000000000001000_14789.jpg,2822,1836,189,51,3011,1887
00000000000000001000_20996.jpg,966,180,79,18,1045,198
00000000000000001000_20996.jpg,1052,746,129,31,1181,777
00000000000000001000_20996.jpg,776,1638,232,64,1008,1702
00000000000000001000_23925.jpg,239,192,91,19,330,211
00000000000000001000_23925.jpg,2876,826,77,28,2953,854
00000000000000001000_23925.jpg,3168,1670,178,68,3346,1738
00000000000000001000_11234.jpg,1013,97,76,15,1089,112
00000000000000001000_11234.jpg,274,143,83,17,357,160
00000000000000001000_11234.jpg,3505,1092,122,39,3627,1131
00000000000000001000_11234.jpg,3288,1707,175,67,3463,1774
00000000000000001000_14095.jpg,796,114,76,17,872,131
00000000000000001000_14095.jpg,2594,1333,172,53,2766,1386
00000000000000001000_12967.jpg,716,49,68,15,784,64
00000000000000001000_12967.jpg,1230,615,120,29,1350,644
00000000000000001000_12967.jpg,2124,551,104,24,2228,575
00000000000000001000_12967.jpg,3125,1709,184,65,3309,1774
00000000000000001000_15238.jpg,342,1303,200,52,542,1355
00000000000000001000_15238.jpg,2924,1543,177,62,3101,1605
00000000000000001000_9549.jpg,1726,950,141,39,1867,989
00000000000000001000_12972.jpg,1154,298,76,22,1230,320
00000000000000001000_12972.jpg,2630,1507,175,56,2805,1563
00000000000000001000_5564.jpg,2056,941,139,39,2195,980
00000000000000001000_1093.jpg,890,519,108,23,998,542
00000000000000001000_1093.jpg,3454,1112,130,37,3584,1149
00000000000000001000_928.jpg,309,162,90,18,399,180
00000000000000001000_928.jpg,1538,301,92,19,1630,320
00000000000000001000_928.jpg,1029,827,136,35,1165,862
00000000000000001000_928.jpg,3722,1248,130,43,3852,1291
00000000000000001000_21770.jpg,1296,225,83,18,1379,243
00000000000000001000_21770.jpg,2265,466,100,29,2365,495
00000000000000001000_21770.jpg,2264,508,121,30,2385,538
00000000000000001000_21770.jpg,1955,889,135,40,2090,929
00000000000000001000_21770.jpg,2528,699,108,26,2636,725
00000000000000001000_11932.jpg,754,392,108,21,862,413
00000000000000001000_11932.jpg,2603,703,111,26,2714,729
00000000000000001000_11932.jpg,2094,1281,169,47,2263,1328
00000000000000001000_8834.jpg,750,342,104,22,854,364
00000000000000001000_15150.jpg,1177,175,82,17,1259,192
00000000000000001000_15150.jpg,783,421,110,24,893,445
00000000000000001000_15150.jpg,787,1755,222,65,1009,1820
00000000000000001000_22287.jpg,1222,783,125,31,1347,814
00000000000000001000_22287.jpg,3598,1260,132,40,3730,1300
00000000000000001000_23830.jpg,3366,1195,123,40,3489,1235
00000000000000001000_14814.jpg,1188,253,71,17,1259,270
00000000000000001000_14814.jpg,735,403,113,22,848,425
00000000000000001000_14814.jpg,2824,1597,184,64,3008,1661
00000000000000001000_16077.jpg,3147,1545,180,62,3327,1607
00000000000000001000_5784.jpg,2655,147,40,18,2695,165
00000000000000001000_5784.jpg,2456,1597,180,56,2636,1653
00000000000000001000_23115.jpg,12,507,120,32,132,539
00000000000000001000_23115.jpg,3874,1282,143,43,4017,1325
00000000000000001000_23115.jpg,2974,1789,190,74,3164,1863
00000000000000001000_11300.jpg,372,149,88,18,460,167
00000000000000001000_11300.jpg,1050,157,75,15,1125,172
00000000000000001000_11300.jpg,3203,1575,176,63,3379,1638
00000000000000001000_7494.jpg,1953,483,105,22,2058,505
00000000000000001000_7494.jpg,2553,1347,181,55,2734,1402
00000000000000001000_17995.jpg,2373,1333,163,48,2536,1381
00000000000000001000_17995.jpg,3592,1282,126,44,3718,1326
00000000000000001000_19953.jpg,740,453,110,26,850,479
00000000000000001000_19953.jpg,1848,473,111,22,1959,495
00000000000000001000_19953.jpg,3408,1025,127,36,3535,1061
00000000000000001000_19953.jpg,866,1665,230,65,1096,1730
00000000000000001000_19953.jpg,2523,1510,181,60,2704,1570
00000000000000001000_4189.jpg,276,194,81,18,357,212
00000000000000001000_4189.jpg,1621,419,93,19,1714,438
00000000000000001000_4189.jpg,3011,1586,175,60,3186,1646
00000000000000001000_2879.jpg,3882,1068,119,41,4001,1109
00000000000000001000_12138.jpg,1534,419,99,22,1633,441
00000000000000001000_12138.jpg,368,1153,196,52,564,1205
00000000000000001000_1672.jpg,1561,412,97,21,1658,433
00000000000000001000_2784.jpg,911,154,79,16,990,170
00000000000000001000_2784.jpg,2761,1465,181,57,2942,1522
00000000000000001000_23140.jpg,444,350,97,20,541,370
00000000000000001000_11074.jpg,2949,880,113,30,3062,910
00000000000000001000_11074.jpg,2907,1647,177,60,3084,1707
00000000000000001000_10594.jpg,1422,290,84,19,1506,309
00000000000000001000_10594.jpg,2610,1089,135,38,2745,1127
00000000000000001000_10594.jpg,435,1818,232,64,667,1882
00000000000000001000_10594.jpg,3503,1875,193,81,3696,1956
00000000000000001000_21318.jpg,1451,451,98,22,1549,473
00000000000000001000_21318.jpg,3830,1400,130,45,3960,1445
00000000000000001000_21318.jpg,1034,1890,208,70,1242,1960
00000000000000001000_3939.jpg,1149,591,123,30,1272,621
00000000000000001000_3939.jpg,2412,641,116,27,2528,668
00000000000000001000_3939.jpg,872,1342,196,55,1068,1397
00000000000000001000_3939.jpg,2766,1586,182,59,2948,1645
00000000000000001000_16823.jpg,955,173,116,26,1071,199
00000000000000001000_16823.jpg,993,227,53,18,1046,245
00000000000000001000_16823.jpg,915,483,112,21,1027,504
00000000000000001000_16823.jpg,2663,1627,207,61,2870,1688
00000000000000001000_12105.jpg,1592,355,94,23,1686,378
00000000000000001000_12105.jpg,929,515,115,26,1044,541
00000000000000001000_12105.jpg,2534,738,128,29,2662,767
00000000000000001000_12105.jpg,995,1815,253,66,1248,1881
00000000000000001000_12105.jpg,2818,1765,193,61,3011,1826
00000000000000001000_23825.jpg,3271,967,119,35,3390,1002
00000000000000001000_8469.jpg,1798,388,93,21,1891,409
00000000000000001000_8469.jpg,781,557,113,26,894,583
00000000000000001000_8469.jpg,3090,1749,179,68,3269,1817
00000000000000001000_14333.jpg,63,81,76,17,139,98
00000000000000001000_14333.jpg,1257,149,75,16,1332,165
00000000000000001000_14333.jpg,1118,484,80,27,1198,511
00000000000000001000_14333.jpg,2848,1570,181,60,3029,1630
00000000000000001000_10264.jpg,947,1832,251,77,1198,1909
00000000000000001000_24013.jpg,3243,1140,126,39,3369,1179
00000000000000001000_7619.jpg,560,344,97,22,657,366
00000000000000001000_7619.jpg,1842,345,91,19,1933,364
00000000000000001000_7619.jpg,3176,827,115,32,3291,859
00000000000000001000_7619.jpg,3064,1788,181,65,3245,1853
00000000000000001000_7759.jpg,1166,214,83,19,1249,233
00000000000000001000_7759.jpg,2538,1383,173,56,2711,1439
00000000000000001000_16919.jpg,1561,329,92,18,1653,347
00000000000000001000_16919.jpg,3901,1210,124,44,4025,1254
00000000000000001000_11626.jpg,463,340,94,20,557,360
00000000000000001000_11626.jpg,3140,1597,176,62,3316,1659
00000000000000001000_1216.jpg,2992,1466,169,57,3161,1523
00000000000000001000_1216.jpg,874,1981,234,66,1108,2047
00000000000000001000_15253.jpg,929,472,112,27,1041,499
00000000000000001000_15253.jpg,3302,1782,137,43,3439,1825
00000000000000001000_6724.jpg,2407,1386,108,93,2515,1479
00000000000000001000_14649.jpg,441,262,89,20,530,282
00000000000000001000_14649.jpg,1687,327,91,21,1778,348
00000000000000001000_14649.jpg,2176,1321,166,47,2342,1368
00000000000000001000_11205.jpg,987,1661,227,64,1214,1725
00000000000000001000_11205.jpg,3122,1707,168,63,3290,1770
00000000000000001000_993.jpg,2691,1823,190,64,2881,1887
00000000000000001000_4474.jpg,529,1120,193,51,722,1171
00000000000000001000_4474.jpg,2936,1394,170,58,3106,1452
00000000000000001000_10859.jpg,886,138,52,16,938,154
00000000000000001000_2664.jpg,1228,671,127,30,1355,701
00000000000000001000_2664.jpg,3049,1650,185,65,3234,1715
00000000000000001000_12085.jpg,995,1816,252,62,1247,1878
00000000000000001000_12085.jpg,3214,1809,193,75,3407,1884
00000000000000001000_5769.jpg,2653,1227,147,44,2800,1271
00000000000000001000_14533.jpg,604,338,100,22,704,360
00000000000000001000_14533.jpg,1635,406,89,20,1724,426
00000000000000001000_14533.jpg,538,1445,204,54,742,1499
00000000000000001000_14533.jpg,3157,1705,186,66,3343,1771
00000000000000001000_17391.jpg,1420,272,81,18,1501,290
00000000000000001000_17391.jpg,1068,563,109,25,1177,588
00000000000000001000_17391.jpg,3082,1635,180,62,3262,1697
00000000000000001000_18424.jpg,694,411,106,24,800,435
00000000000000001000_18424.jpg,2142,627,108,26,2250,653
00000000000000001000_18424.jpg,2678,1519,179,56,2857,1575
00000000000000001000_13152.jpg,449,232,89,22,538,254
00000000000000001000_13152.jpg,1820,585,101,24,1921,609
00000000000000001000_13152.jpg,840,1388,243,59,1083,1447
00000000000000001000_13152.jpg,2233,1383,160,50,2393,1433
00000000000000001000_9819.jpg,1222,242,84,18,1306,260
00000000000000001000_8089.jpg,2512,1426,162,52,2674,1478
00000000000000001000_6449.jpg,3372,1615,175,69,3547,1684
00000000000000001000_23993.jpg,2735,1402,169,54,2904,1456
00000000000000001000_23993.jpg,1033,1616,212,60,1245,1676
00000000000000001000_20442.jpg,3954,1210,126,42,4080,1252
00000000000000001000_14235.jpg,626,386,98,20,724,406
00000000000000001000_14235.jpg,3257,975,119,32,3376,1007
00000000000000001000_14235.jpg,2686,1451,173,56,2859,1507
00000000000000001000_14235.jpg,1042,1665,240,68,1282,1733
00000000000000001000_22810.jpg,448,203,92,19,540,222
00000000000000001000_22810.jpg,1364,789,135,33,1499,822
00000000000000001000_22810.jpg,3986,1259,97,43,4083,1302
00000000000000001000_4579.jpg,2679,1545,185,61,2864,1606
00000000000000001000_11586.jpg,1118,197,78,17,1196,214
00000000000000001000_11586.jpg,3722,1285,146,44,3868,1329
00000000000000001000_5874.jpg,1363,1633,206,54,1569,1687
00000000000000001000_21086.jpg,2144,789,120,25,2264,814
00000000000000001000_21086.jpg,3119,1558,180,71,3299,1629
00000000000000001000_15090.jpg,3229,1337,197,67,3426,1404
00000000000000001000_15090.jpg,3281,1448,108,48,3389,1496
00000000000000001000_15090.jpg,3134,1959,202,73,3336,2032
00000000000000001000_15416.jpg,940,466,104,24,1044,490
00000000000000001000_15416.jpg,2821,1322,141,48,2962,1370
00000000000000001000_24033.jpg,2503,833,120,32,2623,865
00000000000000001000_23920.jpg,3095,1578,190,64,3285,1642
00000000000000001000_14508.jpg,1233,248,88,20,1321,268
00000000000000001000_14508.jpg,2660,832,121,32,2781,864
00000000000000001000_14508.jpg,3382,1712,172,68,3554,1780
00000000000000001000_18890.jpg,1838,406,94,22,1932,428
00000000000000001000_18890.jpg,2808,1589,178,65,2986,1654
00000000000000001000_20890.jpg,435,1229,195,49,630,1278
00000000000000001000_20890.jpg,3936,1428,135,47,4071,1475
00000000000000001000_14190.jpg,502,424,102,22,604,446
00000000000000001000_14190.jpg,1747,452,96,20,1843,472
00000000000000001000_17321.jpg,3728,1275,135,45,3863,1320
00000000000000001000_22760.jpg,1352,408,93,21,1445,429
00000000000000001000_22760.jpg,2550,1587,185,55,2735,1642
00000000000000001000_435.jpg,661,1459,202,53,863,1512
00000000000000001000_5974.jpg,1387,335,92,20,1479,355
00000000000000001000_5974.jpg,3212,484,89,17,3301,501
00000000000000001000_5974.jpg,3028,1792,192,68,3220,1860
00000000000000001000_22366.jpg,782,122,44,39,826,161
00000000000000001000_22366.jpg,328,184,87,18,415,202
00000000000000001000_22366.jpg,1814,388,112,20,1926,408
00000000000000001000_22366.jpg,1786,439,108,21,1894,460
00000000000000001000_4224.jpg,3319,1675,178,67,3497,1742
00000000000000001000_24562.jpg,1598,290,87,19,1685,309
00000000000000001000_24562.jpg,3023,971,126,31,3149,1002
00000000000000001000_24562.jpg,2965,1525,177,63,3142,1588
00000000000000001000_9199.jpg,1257,178,82,19,1339,197
00000000000000001000_9199.jpg,625,451,112,22,737,473
00000000000000001000_9199.jpg,3970,1292,112,40,4082,1332
00000000000000001000_15145.jpg,1068,181,77,15,1145,196
00000000000000001000_15145.jpg,1909,458,104,22,2013,480
00000000000000001000_15145.jpg,920,608,113,26,1033,634
00000000000000001000_15145.jpg,2611,1454,182,58,2793,1512
00000000000000001000_15145.jpg,787,1755,223,65,1010,1820
00000000000000001000_7999.jpg,1393,313,90,19,1483,332
00000000000000001000_1414.jpg,3591,1193,135,43,3726,1236
00000000000000001000_1414.jpg,2679,1341,171,56,2850,1397
00000000000000001000_14255.jpg,1639,332,89,19,1728,351
00000000000000001000_14255.jpg,1519,790,124,31,1643,821
00000000000000001000_14255.jpg,1043,1665,239,68,1282,1733
00000000000000001000_14255.jpg,2679,1508,173,60,2852,1568
00000000000000001000_17170.jpg,1114,251,97,18,1211,269
00000000000000001000_17170.jpg,2420,628,105,24,2525,652
00000000000000001000_22547.jpg,2199,583,107,26,2306,609
00000000000000001000_22547.jpg,1921,1020,151,41,2072,1061
00000000000000001000_22547.jpg,938,1685,210,52,1148,1737
00000000000000001000_21895.jpg,3021,1708,192,61,3213,1769
00000000000000001000_24093.jpg,1301,414,96,21,1397,435
00000000000000001000_908.jpg,638,335,100,20,738,355
00000000000000001000_908.jpg,2481,715,107,27,2588,742
00000000000000001000_908.jpg,1682,1036,157,43,1839,1079
00000000000000001000_908.jpg,1991,1052,68,22,2059,1074
00000000000000001000_22790.jpg,555,203,93,20,648,223
00000000000000001000_22790.jpg,1660,395,94,22,1754,417
00000000000000001000_22790.jpg,3519,1130,130,43,3649,1173
00000000000000001000_22419.jpg,951,32,70,15,1021,47
00000000000000001000_22419.jpg,2171,650,101,24,2272,674
00000000000000001000_22419.jpg,2732,1663,181,63,2913,1726
00000000000000001000_21719.jpg,899,75,42,14,941,89
00000000000000001000_21719.jpg,868,360,108,24,976,384
00000000000000001000_21719.jpg,653,1304,182,49,835,1353
00000000000000001000_21719.jpg,3389,1088,122,34,3511,1122
00000000000000001000_21719.jpg,2752,1395,170,50,2922,1445
00000000000000001000_7774.jpg,623,349,103,22,726,371
00000000000000001000_7774.jpg,3451,1937,194,76,3645,2013
00000000000000001000_8569.jpg,1556,822,146,36,1702,858
00000000000000001000_8569.jpg,4002,1388,96,42,4098,1430
00000000000000001000_3814.jpg,1916,626,116,24,2032,650
00000000000000001000_3814.jpg,1967,1595,191,57,2158,1652
00000000000000001000_10099.jpg,2914,1434,166,54,3080,1488
00000000000000001000_12020.jpg,269,223,90,18,359,241
00000000000000001000_12020.jpg,1549,386,90,19,1639,405
00000000000000001000_12020.jpg,483,1470,203,60,686,1530
00000000000000001000_5729.jpg,1113,271,86,18,1199,289
00000000000000001000_5729.jpg,3182,587,222,106,3404,693
00000000000000001000_5729.jpg,709,1529,226,63,935,1592
00000000000000001000_6659.jpg,751,1588,227,62,978,1650
00000000000000001000_6659.jpg,3157,1605,185,65,3342,1670
00000000000000001000_19099.jpg,353,549,144,31,497,580
00000000000000001000_19099.jpg,410,1389,202,50,612,1439
00000000000000001000_19099.jpg,3305,1217,135,39,3440,1256
00000000000000001000_1003.jpg,600,342,103,23,703,365
00000000000000001000_1003.jpg,1629,423,49,20,1678,443
00000000000000001000_1003.jpg,3296,962,121,36,3417,998
00000000000000001000_1003.jpg,3015,1834,182,65,3197,1899
00000000000000001000_1717.jpg,1076,216,83,17,1159,233
00000000000000001000_1717.jpg,394,303,99,21,493,324
00000000000000001000_1717.jpg,3831,1246,128,44,3959,1290
00000000000000001000_1717.jpg,3026,1565,180,64,3206,1629
00000000000000001000_15105.jpg,3799,1295,136,43,3935,1338
00000000000000001000_7944.jpg,834,394,107,22,941,416
00000000000000001000_7944.jpg,1992,515,60,23,2052,538
00000000000000001000_7944.jpg,2942,1630,185,63,3127,1693
00000000000000001000_14265.jpg,409,154,87,17,496,171
00000000000000001000_14265.jpg,1902,319,91,19,1993,338
00000000000000001000_14265.jpg,1042,1666,240,67,1282,1733
00000000000000001000_14265.jpg,2886,1647,176,61,3062,1708
00000000000000001000_3234.jpg,332,97,84,16,416,113
00000000000000001000_3234.jpg,851,505,116,24,967,529
00000000000000001000_3234.jpg,635,1379,216,58,851,1437
00000000000000001000_3234.jpg,3044,1595,188,66,3232,1661
00000000000000001000_10914.jpg,983,1661,229,64,1212,1725
00000000000000001000_24296.jpg,3533,1178,134,40,3667,1218
00000000000000001000_16042.jpg,1102,583,118,27,1220,610
00000000000000001000_16042.jpg,3153,1709,180,66,3333,1775
00000000000000001000_23820.jpg,3029,958,127,33,3156,991
00000000000000001000_21905.jpg,2798,1623,170,60,2968,1683
00000000000000001000_1141.jpg,256,300,96,22,352,322
00000000000000001000_1141.jpg,2423,612,108,24,2531,636
00000000000000001000_1141.jpg,2930,1511,176,59,3106,1570
00000000000000001000_23233.jpg,2721,1430,169,58,2890,1488
00000000000000001000_20193.jpg,3912,1113,130,40,4042,1153
00000000000000001000_7819.jpg,1661,908,136,34,1797,942
00000000000000001000_7819.jpg,3567,1165,120,38,3687,1203
00000000000000001000_7819.jpg,846,1514,228,56,1074,1570
00000000000000001000_13830.jpg,1489,383,87,20,1576,403
00000000000000001000_13830.jpg,458,1419,213,58,671,1477
00000000000000001000_13830.jpg,2686,1528,186,57,2872,1585
00000000000000001000_18364.jpg,2126,725,110,25,2236,750
00000000000000001000_18364.jpg,2824,1807,187,66,3011,1873
00000000000000001000_3899.jpg,1442,267,90,20,1532,287
00000000000000001000_3899.jpg,2770,1824,195,64,2965,1888
00000000000000001000_15949.jpg,521,269,97,22,618,291
00000000000000001000_15949.jpg,1885,436,99,23,1984,459
00000000000000001000_15949.jpg,315,1173,198,49,513,1222
00000000000000001000_15949.jpg,2779,1622,187,64,2966,1686
00000000000000001000_5144.jpg,562,375,102,20,664,395
00000000000000001000_5144.jpg,3534,1150,129,38,3663,1188
00000000000000001000_12363.jpg,670,59,71,16,741,75
00000000000000001000_12363.jpg,1176,304,86,21,1262,325
00000000000000001000_12363.jpg,1465,966,148,38,1613,1004
00000000000000001000_12363.jpg,3867,1432,138,47,4005,1479
00000000000000001000_3859.jpg,914,517,79,22,993,539
00000000000000001000_3859.jpg,1115,516,82,18,1197,534
00000000000000001000_3859.jpg,2259,613,110,25,2369,638
00000000000000001000_3859.jpg,2613,1664,178,61,2791,1725
00000000000000001000_5329.jpg,3763,1221,140,38,3903,1259
00000000000000001000_10484.jpg,862,408,103,20,965,428
00000000000000001000_10484.jpg,3389,1703,178,68,3567,1771
00000000000000001000_13137.jpg,2051,496,104,20,2155,516
00000000000000001000_13137.jpg,840,1388,241,60,1081,1448
00000000000000001000_13137.jpg,3471,1649,170,68,3641,1717
00000000000000001000_19331.jpg,1450,235,84,19,1534,254
00000000000000001000_19331.jpg,632,1575,207,58,839,1633
00000000000000001000_21081.jpg,2350,188,295,136,2645,324
00000000000000001000_21081.jpg,1603,478,80,17,1683,495
00000000000000001000_21081.jpg,1395,757,134,31,1529,788
00000000000000001000_21081.jpg,3524,1060,111,30,3635,1090
00000000000000001000_21081.jpg,2760,1848,192,71,2952,1919
00000000000000001000_13955.jpg,1420,263,87,19,1507,282
00000000000000001000_13955.jpg,1174,706,126,31,1300,737
00000000000000001000_13955.jpg,3197,1726,187,68,3384,1794
00000000000000001000_11014.jpg,3722,1301,130,44,3852,1345
00000000000000001000_2369.jpg,1051,140,73,15,1124,155
00000000000000001000_2369.jpg,970,579,126,30,1096,609
00000000000000001000_2369.jpg,2271,716,108,27,2379,743
00000000000000001000_2369.jpg,2935,1590,186,66,3121,1656
00000000000000001000_16125.jpg,1074,127,75,17,1149,144
00000000000000001000_16125.jpg,889,610,115,27,1004,637
00000000000000001000_16125.jpg,2355,752,106,25,2461,777
00000000000000001000_16125.jpg,647,1448,211,52,858,1500
00000000000000001000_16125.jpg,2809,1566,182,62,2991,1628
00000000000000001000_695.jpg,3155,1103,137,42,3292,1145
00000000000000001000_695.jpg,898,1551,223,62,1121,1613
00000000000000001000_3214.jpg,1003,160,49,18,1052,178
00000000000000001000_3214.jpg,2332,735,111,27,2443,762
00000000000000001000_3214.jpg,634,1380,216,56,850,1436
00000000000000001000_3214.jpg,3920,1352,140,43,4060,1395
00000000000000001000_3214.jpg,2823,1431,179,54,3002,1485
00000000000000001000_10104.jpg,1357,1559,211,59,1568,1618
00000000000000001000_10104.jpg,3319,1881,198,72,3517,1953
00000000000000001000_15875.jpg,744,468,109,24,853,492
00000000000000001000_15875.jpg,2129,624,92,23,2221,647
00000000000000001000_15875.jpg,2376,1323,175,55,2551,1378
00000000000000001000_11518.jpg,1556,366,91,20,1647,386
00000000000000001000_11518.jpg,3253,1113,122,36,3375,1149
00000000000000001000_11518.jpg,3000,1817,181,69,3181,1886
00000000000000001000_7109.jpg,3576,1038,126,38,3702,1076
00000000000000001000_7109.jpg,2766,1717,183,63,2949,1780
00000000000000001000_21124.jpg,2747,1387,171,56,2918,1443
00000000000000001000_14854.jpg,867,594,116,26,983,620
00000000000000001000_14854.jpg,2015,479,74,16,2089,495
00000000000000001000_14854.jpg,2560,1534,177,61,2737,1595
00000000000000001000_11631.jpg,1534,746,130,31,1664,777
00000000000000001000_11631.jpg,3323,1664,178,64,3501,1728
00000000000000001000_8724.jpg,1540,307,95,22,1635,329
00000000000000001000_8724.jpg,2821,885,120,32,2941,917
00000000000000001000_8724.jpg,2799,1754,189,66,2988,1820
00000000000000001000_6484.jpg,1133,461,109,24,1242,485
00000000000000001000_14363.jpg,2359,1310,158,49,2517,1359
00000000000000001000_14353.jpg,2632,1266,165,52,2797,1318
00000000000000001000_13945.jpg,1099,529,116,25,1215,554
00000000000000001000_15075.jpg,942,542,108,25,1050,567
00000000000000001000_15075.jpg,2534,1481,180,58,2714,1539
00000000000000001000_10294.jpg,2710,1570,179,57,2889,1627
00000000000000001000_12010.jpg,1279,775,131,30,1410,805
00000000000000001000_12010.jpg,483,1470,203,59,686,1529
00000000000000001000_3449.jpg,2223,1141,158,45,2381,1186
00000000000000001000_22925.jpg,3618,1253,132,41,3750,1294
00000000000000001000_22925.jpg,3038,1728,176,64,3214,1792
00000000000000001000_2869.jpg,1760,395,95,21,1855,416
00000000000000001000_2869.jpg,3775,1368,128,46,3903,1414
00000000000000001000_855.jpg,544,443,97,24,641,467
00000000000000001000_855.jpg,3238,1160,127,36,3365,1196
00000000000000001000_8339.jpg,161,799,138,31,299,830
00000000000000001000_8339.jpg,3954,1419,128,45,4082,1464
00000000000000001000_10779.jpg,2301,1422,189,56,2490,1478
00000000000000001000_17341.jpg,3753,1132,119,41,3872,1173
00000000000000001000_5584.jpg,2252,545,104,24,2356,569
00000000000000001000_5584.jpg,2494,1633,121,35,2615,1668
00000000000000001000_17591.jpg,475,245,96,20,571,265
00000000000000001000_17591.jpg,1585,383,92,21,1677,404
00000000000000001000_3649.jpg,1983,675,107,30,2090,705
00000000000000001000_6479.jpg,977,1487,215,59,1192,1546
00000000000000001000_20238.jpg,1022,210,79,16,1101,226
00000000000000001000_20238.jpg,1564,985,154,39,1718,1024
00000000000000001000_7084.jpg,1193,135,68,16,1261,151
00000000000000001000_1572.jpg,190,1207,190,47,380,1254
00000000000000001000_1572.jpg,2910,1556,171,56,3081,1612
00000000000000001000_4544.jpg,1180,128,76,16,1256,144
00000000000000001000_4544.jpg,994,465,112,24,1106,489
00000000000000001000_4544.jpg,2246,577,100,24,2346,601
00000000000000001000_4544.jpg,3087,1506,172,60,3259,1566
00000000000000001000_14215.jpg,930,509,115,26,1045,535
00000000000000001000_14215.jpg,1043,1665,239,68,1282,1733
00000000000000001000_14215.jpg,3408,1735,173,68,3581,1803
00000000000000001000_21765.jpg,197,210,81,16,278,226
00000000000000001000_21765.jpg,893,562,115,24,1008,586
00000000000000001000_21765.jpg,3349,993,121,32,3470,1025
00000000000000001000_15511.jpg,1417,524,96,26,1513,550
00000000000000001000_15511.jpg,3986,1411,100,44,4086,1455
00000000000000001000_24196.jpg,3155,935,118,33,3273,968
00000000000000001000_231.jpg,2945,996,123,34,3068,1030
00000000000000001000_231.jpg,608,1406,199,54,807,1460
00000000000000001000_18577.jpg,1020,129,77,15,1097,144
00000000000000001000_18577.jpg,2176,1313,162,50,2338,1363
00000000000000001000_18577.jpg,3962,1320,128,46,4090,1366
00000000000000001000_507.jpg,606,67,69,15,675,82
00000000000000001000_507.jpg,156,110,74,16,230,126
00000000000000001000_507.jpg,974,447,115,23,1089,470
00000000000000001000_507.jpg,757,1716,224,62,981,1778
00000000000000001000_4809.jpg,754,13,58,17,812,30
00000000000000001000_4809.jpg,644,366,94,20,738,386
00000000000000001000_4809.jpg,1974,496,103,23,2077,519
00000000000000001000_4809.jpg,2865,1523,178,62,3043,1585
00000000000000001000_4194.jpg,1523,335,94,19,1617,354
00000000000000001000_4194.jpg,2935,1523,169,57,3104,1580
00000000000000001000_19707.jpg,4000,1320,95,44,4095,1364
00000000000000001000_14130.jpg,513,222,95,20,608,242
00000000000000001000_14130.jpg,2685,1629,195,65,2880,1694
00000000000000001000_20223.jpg,546,429,108,23,654,452
00000000000000001000_20223.jpg,1364,388,92,20,1456,408
00000000000000001000_20223.jpg,1526,916,152,38,1678,954
00000000000000001000_20223.jpg,3978,1271,120,42,4098,1313
00000000000000001000_1777.jpg,842,64,73,16,915,80
00000000000000001000_1777.jpg,2530,681,114,26,2644,707
00000000000000001000_1777.jpg,2961,1584,179,64,3140,1648
00000000000000001000_19504.jpg,950,100,72,14,1022,114
00000000000000001000_19504.jpg,575,334,94,20,669,354
00000000000000001000_19504.jpg,2458,665,109,27,2567,692
00000000000000001000_19504.jpg,433,1496,207,58,640,1554
00000000000000001000_19504.jpg,2700,1646,181,62,2881,1708
00000000000000001000_8159.jpg,2815,1581,186,63,3001,1644
00000000000000001000_6794.jpg,1293,655,117,27,1410,682
00000000000000001000_6794.jpg,3015,1657,179,66,3194,1723
00000000000000001000_14994.jpg,3346,1150,137,39,3483,1189
00000000000000001000_1033.jpg,618,412,109,23,727,435
00000000000000001000_1033.jpg,2397,762,110,25,2507,787
00000000000000001000_1033.jpg,2552,1431,178,55,2730,1486
00000000000000001000_9444.jpg,1638,949,136,35,1774,984
00000000000000001000_9444.jpg,3636,1099,129,38,3765,1137
00000000000000001000_22487.jpg,522,244,94,20,616,264
00000000000000001000_22487.jpg,2303,695,107,25,2410,720
00000000000000001000_22487.jpg,2813,1516,178,56,2991,1572
00000000000000001000_7214.jpg,579,278,101,20,680,298
00000000000000001000_7214.jpg,3156,1585,196,66,3352,1651
00000000000000001000_860.jpg,1517,445,91,19,1608,464
00000000000000001000_860.jpg,3737,1327,129,44,3866,1371
00000000000000001000_16697.jpg,3951,1545,139,51,4090,1596
00000000000000001000_2569.jpg,3479,1009,123,32,3602,1041
00000000000000001000_6914.jpg,1027,130,76,16,1103,146
00000000000000001000_6914.jpg,1197,601,121,28,1318,629
00000000000000001000_6914.jpg,2781,1427,178,56,2959,1483
00000000000000001000_6914.jpg,928,1842,250,77,1178,1919
00000000000000001000_19775.jpg,3839,1258,135,47,3974,1305
00000000000000001000_14631.jpg,3744,1237,137,42,3881,1279
00000000000000001000_14631.jpg,3145,1719,178,68,3323,1787
00000000000000001000_16022.jpg,814,1715,229,61,1043,1776
00000000000000001000_16022.jpg,3109,1810,197,71,3306,1881
00000000000000001000_19346.jpg,2525,1318,164,52,2689,1370
00000000000000001000_19346.jpg,631,1577,209,57,840,1634
00000000000000001000_14478.jpg,1199,239,89,20,1288,259
00000000000000001000_14478.jpg,3793,1090,120,42,3913,1132
00000000000000001000_14155.jpg,3473,1216,130,38,3603,1254
00000000000000001000_15910.jpg,823,469,111,26,934,495
00000000000000001000_15910.jpg,1818,509,96,22,1914,531
00000000000000001000_15910.jpg,3889,1355,125,44,4014,1399
00000000000000001000_15910.jpg,1080,1892,226,68,1306,1960
00000000000000001000_12323.jpg,265,105,82,19,347,124
00000000000000001000_12323.jpg,1448,283,87,20,1535,303
00000000000000001000_12323.jpg,2563,1290,162,49,2725,1339
00000000000000001000_12323.jpg,3973,1328,125,45,4098,1373
00000000000000001000_4199.jpg,672,322,98,21,770,343
00000000000000001000_4199.jpg,3353,1077,124,36,3477,1113
00000000000000001000_4199.jpg,3057,1667,186,66,3243,1733
00000000000000001000_5954.jpg,3333,1247,103,37,3436,1284
00000000000000001000_13012.jpg,3544,1115,141,41,3685,1156
00000000000000001000_21215.jpg,1328,1558,214,60,1542,1618
00000000000000001000_13147.jpg,1007,149,79,15,1086,164
00000000000000001000_13147.jpg,321,246,88,18,409,264
00000000000000001000_13147.jpg,1669,913,143,36,1812,949
00000000000000001000_13147.jpg,840,1389,211,59,1051,1448
00000000000000001000_13147.jpg,3653,1384,133,41,3786,1425
00000000000000001000_5734.jpg,3404,517,285,112,3689,629
00000000000000001000_5734.jpg,2610,1459,183,57,2793,1516
00000000000000001000_5734.jpg,710,1529,225,63,935,1592
00000000000000001000_12597.jpg,1022,171,83,18,1105,189
00000000000000001000_12597.jpg,2092,1424,185,56,2277,1480
00000000000000001000_24657.jpg,2715,1464,174,57,2889,1521
00000000000000001000_22507.jpg,2527,1571,179,57,2706,1628
00000000000000001000_7719.jpg,1729,295,88,19,1817,314
00000000000000001000_7719.jpg,2620,649,107,28,2727,677
00000000000000001000_7719.jpg,3025,1772,183,64,3208,1836
00000000000000001000_19589.jpg,271,130,69,17,340,147
00000000000000001000_19589.jpg,1633,808,62,19,1695,827
00000000000000001000_19589.jpg,2975,854,120,30,3095,884
00000000000000001000_9734.jpg,1191,213,78,15,1269,228
00000000000000001000_9734.jpg,1553,894,140,36,1693,930
00000000000000001000_21980.jpg,782,357,101,22,883,379
00000000000000001000_21980.jpg,3127,1612,182,69,3309,1681
00000000000000001000_14025.jpg,872,1699,238,66,1110,1765
00000000000000001000_14025.jpg,3008,1539,171,61,3179,1600
00000000000000001000_8869.jpg,773,491,114,25,887,516
00000000000000001000_8869.jpg,969,1880,247,64,1216,1944
00000000000000001000_8869.jpg,3128,1726,204,70,3332,1796
00000000000000001000_22833.jpg,1953,431,97,22,2050,453
00000000000000001000_22833.jpg,3207,1546,175,60,3382,1606
00000000000000001000_19243.jpg,1902,540,104,23,2006,563
00000000000000001000_20512.jpg,2777,1428,171,55,2948,1483
00000000000000001000_18998.jpg,941,509,114,25,1055,534
00000000000000001000_18998.jpg,2307,731,101,62,2408,793
00000000000000001000_18998.jpg,669,1784,225,65,894,1849
00000000000000001000_18998.jpg,3024,1597,181,63,3205,1660
00000000000000001000_3829.jpg,597,383,97,20,694,403
00000000000000001000_3829.jpg,3934,1301,130,34,4064,1335
00000000000000001000_4369.jpg,602,1348,204,56,806,1404
00000000000000001000_4369.jpg,2521,1262,169,53,2690,1315
00000000000000001000_4369.jpg,3519,1012,119,36,3638,1048
00000000000000001000_23031.jpg,2435,656,111,26,2546,682
00000000000000001000_23031.jpg,2874,1564,180,60,3054,1624
00000000000000001000_13640.jpg,1384,264,90,19,1474,283
00000000000000001000_13640.jpg,3660,1059,129,35,3789,1094
00000000000000001000_13640.jpg,3136,1374,245,57,3381,1431
00000000000000001000_13640.jpg,3088,1436,159,31,3247,1467
00000000000000001000_13640.jpg,3101,1782,208,64,3309,1846
00000000000000001000_387.jpg,611,324,102,20,713,344
00000000000000001000_387.jpg,1512,253,86,20,1598,273
00000000000000001000_387.jpg,2251,1180,161,45,2412,1225
00000000000000001000_387.jpg,3890,1221,126,42,4016,1263
00000000000000001000_12922.jpg,3977,1551,121,44,4098,1595
00000000000000001000_20592.jpg,1436,328,84,17,1520,345
00000000000000001000_20592.jpg,2668,1480,172,57,2840,1537
00000000000000001000_20592.jpg,973,1644,225,72,1198,1716
00000000000000001000_9094.jpg,3403,702,119,65,3522,767
00000000000000001000_8994.jpg,1359,203,82,18,1441,221
00000000000000001000_8994.jpg,2786,1652,188,60,2974,1712
00000000000000001000_18429.jpg,792,99,75,16,867,115
00000000000000001000_18429.jpg,2429,730,113,28,2542,758
00000000000000001000_18429.jpg,2952,1546,176,61,3128,1607
00000000000000001000_9209.jpg,1087,140,66,17,1153,157
00000000000000001000_9209.jpg,3883,1179,123,40,4006,1219
00000000000000001000_17210.jpg,760,74,73,16,833,90
00000000000000001000_19940.jpg,3849,1235,139,43,3988,1278
00000000000000001000_19940.jpg,2771,1488,183,54,2954,1542
00000000000000001000_12218.jpg,3631,1257,126,42,3757,1299
00000000000000001000_6804.jpg,3778,1282,159,35,3937,1317
00000000000000001000_12278.jpg,565,368,97,20,662,388
00000000000000001000_12278.jpg,1804,1197,156,42,1960,1239
00000000000000001000_3569.jpg,2782,1572,174,56,2956,1628
00000000000000001000_11221.jpg,3005,1702,197,62,3202,1764
00000000000000001000_18692.jpg,2726,1493,178,58,2904,1551
00000000000000001000_19033.jpg,676,453,112,24,788,477
00000000000000001000_19033.jpg,1644,344,92,20,1736,364
00000000000000001000_19033.jpg,669,1784,225,65,894,1849
00000000000000001000_19033.jpg,2861,1553,179,61,3040,1614
00000000000000001000_8719.jpg,2083,511,111,28,2194,539
00000000000000001000_8719.jpg,3986,1355,107,35,4093,1390
00000000000000001000_4064.jpg,812,469,110,23,922,492
00000000000000001000_4064.jpg,3054,1000,138,33,3192,1033
00000000000000001000_4064.jpg,942,1385,193,52,1135,1437
00000000000000001000_4064.jpg,3246,1774,189,71,3435,1845
00000000000000001000_16619.jpg,3278,1605,180,64,3458,1669
00000000000000001000_23790.jpg,2835,1484,173,57,3008,1541
00000000000000001000_24128.jpg,2989,869,115,30,3104,899
00000000000000001000_19976.jpg,706,1423,210,57,916,1480
00000000000000001000_12827.jpg,3788,1109,118,39,3906,1148
00000000000000001000_4424.jpg,2685,1412,173,57,2858,1469
00000000000000001000_8809.jpg,1065,177,68,16,1133,193
00000000000000001000_8809.jpg,455,261,94,20,549,281
00000000000000001000_8809.jpg,3084,1879,201,66,3285,1945
00000000000000001000_6884.jpg,2649,1518,189,61,2838,1579
00000000000000001000_22348.jpg,3701,1509,146,48,3847,1557
00000000000000001000_8129.jpg,3398,1784,175,63,3573,1847
00000000000000001000_14015.jpg,873,1698,237,68,1110,1766
00000000000000001000_14015.jpg,3068,1730,193,69,3261,1799
00000000000000001000_23464.jpg,2005,553,111,22,2116,575
00000000000000001000_18469.jpg,322,164,83,18,405,182
00000000000000001000_18469.jpg,2795,1609,176,59,2971,1668
00000000000000001000_9664.jpg,2353,730,111,28,2464,758
00000000000000001000_9664.jpg,2717,1642,183,65,2900,1707
00000000000000001000_2959.jpg,1343,370,124,23,1467,393
00000000000000001000_2959.jpg,601,1242,136,47,737,1289
00000000000000001000_2959.jpg,2685,1635,185,65,2870,1700
00000000000000001000_14040.jpg,3207,1166,122,36,3329,1202
00000000000000001000_14040.jpg,871,1698,238,68,1109,1766
00000000000000001000_9834.jpg,3672,1670,108,48,3780,1718
00000000000000001000_24582.jpg,1011,461,110,23,1121,484
00000000000000001000_24582.jpg,3128,1018,121,30,3249,1048
00000000000000001000_24582.jpg,2901,1652,177,65,3078,1717
00000000000000001000_10974.jpg,1124,232,83,17,1207,249
00000000000000001000_10974.jpg,3582,4,40,42,3622,46
00000000000000001000_10974.jpg,3214,1152,127,39,3341,1191
00000000000000001000_10974.jpg,2687,1491,190,62,2877,1553
00000000000000001000_8459.jpg,842,468,115,24,957,492
00000000000000001000_8459.jpg,2994,1523,179,62,3173,1585
00000000000000001000_7669.jpg,721,432,108,24,829,456
00000000000000001000_7669.jpg,3232,1841,180,66,3412,1907
00000000000000001000_19043.jpg,2587,1477,181,56,2768,1533
00000000000000001000_19043.jpg,669,1786,224,64,893,1850
00000000000000001000_730.jpg,1247,243,80,18,1327,261
00000000000000001000_730.jpg,505,316,100,21,605,337
00000000000000001000_730.jpg,2135,700,105,26,2240,726
00000000000000001000_730.jpg,2831,1676,183,63,3014,1739
00000000000000001000_20757.jpg,3849,1242,127,42,3976,1284
00000000000000001000_8959.jpg,3319,1106,127,30,3446,1136
00000000000000001000_7269.jpg,1122,107,76,17,1198,124
00000000000000001000_7269.jpg,894,1332,210,56,1104,1388
00000000000000001000_7269.jpg,3200,1674,190,67,3390,1741
00000000000000001000_22111.jpg,2224,644,101,24,2325,668
00000000000000001000_22111.jpg,3134,1602,177,61,3311,1663
00000000000000001000_10574.jpg,2605,1191,169,51,2774,1242
00000000000000001000_23321.jpg,3404,1012,127,38,3531,1050
00000000000000001000_17789.jpg,891,30,58,14,949,44
00000000000000001000_17789.jpg,1234,672,126,31,1360,703
00000000000000001000_17789.jpg,1706,518,97,22,1803,540
00000000000000001000_17789.jpg,3134,1671,181,68,3315,1739
00000000000000001000_15110.jpg,1567,391,93,20,1660,411
00000000000000001000_15110.jpg,3822,1342,131,47,3953,1389
00000000000000001000_16443.jpg,1224,1856,243,74,1467,1930
00000000000000001000_22424.jpg,1495,386,88,19,1583,405
00000000000000001000_22424.jpg,1344,850,134,33,1478,883
00000000000000001000_15624.jpg,2041,1098,164,45,2205,1143
00000000000000001000_15624.jpg,3457,1122,129,40,3586,1162
00000000000000001000_3844.jpg,1198,196,85,18,1283,214
00000000000000001000_3844.jpg,2135,1423,173,52,2308,1475
00000000000000001000_898.jpg,1757,472,96,21,1853,493
00000000000000001000_898.jpg,3019,1615,178,62,3197,1677
00000000000000001000_13317.jpg,1012,176,79,16,1091,192
00000000000000001000_13317.jpg,2800,1566,177,63,2977,1629
00000000000000001000_21875.jpg,3444,1604,171,64,3615,1668
00000000000000001000_2749.jpg,2708,693,108,26,2816,719
00000000000000001000_2749.jpg,543,1028,170,41,713,1069
00000000000000001000_2749.jpg,3064,1625,183,63,3247,1688
00000000000000001000_14924.jpg,1118,177,81,16,1199,193
00000000000000001000_14924.jpg,1705,537,98,22,1803,559
00000000000000001000_14443.jpg,829,444,107,25,936,469
00000000000000001000_14443.jpg,2267,631,109,25,2376,656
00000000000000001000_14443.jpg,3015,1754,193,65,3208,1819
00000000000000001000_3344.jpg,428,1297,208,54,636,1351
00000000000000001000_3344.jpg,2517,1479,171,51,2688,1530
00000000000000001000_9674.jpg,535,1288,200,53,735,1341
00000000000000001000_19973.jpg,3018,1568,185,65,3203,1633
00000000000000001000_7329.jpg,792,1441,220,61,1012,1502
00000000000000001000_7329.jpg,3444,1117,134,38,3578,1155
00000000000000001000_10399.jpg,1837,543,104,23,1941,566
00000000000000001000_10399.jpg,3906,1451,128,46,4034,1497
00000000000000001000_20066.jpg,959,520,115,25,1074,545
00000000000000001000_20066.jpg,1840,507,106,20,1946,527
00000000000000001000_20066.jpg,3784,1405,144,46,3928,1451
00000000000000001000_20066.jpg,2731,1702,195,64,2926,1766
00000000000000001000_18399.jpg,3967,1202,125,44,4092,1246
00000000000000001000_16168.jpg,2701,1585,189,56,2890,1641
00000000000000001000_10419.jpg,1319,367,92,20,1411,387
00000000000000001000_10419.jpg,3690,1142,130,40,3820,1182
00000000000000001000_1562.jpg,245,168,86,18,331,186
00000000000000001000_1562.jpg,942,199,79,15,1021,214
00000000000000001000_1562.jpg,232,1258,198,48,430,1306
00000000000000001000_1562.jpg,3045,1005,122,35,3167,1040
00000000000000001000_1562.jpg,2795,1508,179,58,2974,1566
00000000000000001000_4059.jpg,1201,705,127,29,1328,734
00000000000000001000_4059.jpg,941,1385,193,53,1134,1438
00000000000000001000_5029.jpg,783,483,112,24,895,507
00000000000000001000_5029.jpg,1279,257,66,21,1345,278
00000000000000001000_5029.jpg,3088,1449,169,60,3257,1509
00000000000000001000_7904.jpg,843,507,114,26,957,533
00000000000000001000_14050.jpg,1141,578,124,29,1265,607
00000000000000001000_14050.jpg,3148,1882,176,63,3324,1945
00000000000000001000_21709.jpg,1387,338,84,19,1471,357
00000000000000001000_21709.jpg,725,1377,187,50,912,1427
00000000000000001000_21709.jpg,3916,1250,119,43,4035,1293
00000000000000001000_21709.jpg,3266,1640,176,63,3442,1703
00000000000000001000_13157.jpg,902,199,76,17,978,216
00000000000000001000_13157.jpg,695,477,103,23,798,500
00000000000000001000_13157.jpg,840,1389,241,60,1081,1449
00000000000000001000_13157.jpg,3692,1214,131,40,3823,1254
00000000000000001000_21451.jpg,1425,272,87,19,1512,291
00000000000000001000_21451.jpg,3891,1239,130,44,4021,1283
00000000000000001000_14288.jpg,560,285,101,19,661,304
00000000000000001000_4989.jpg,3100,902,140,29,3240,931
00000000000000001000_4989.jpg,2532,1545,198,63,2730,1608
00000000000000001000_1201.jpg,1779,394,91,21,1870,415
00000000000000001000_1201.jpg,874,1980,234,67,1108,2047
00000000000000001000_1201.jpg,2951,1737,185,64,3136,1801
00000000000000001000_13132.jpg,656,1347,202,55,858,1402
00000000000000001000_12238.jpg,985,172,73,15,1058,187
00000000000000001000_12238.jpg,438,269,96,20,534,289
00000000000000001000_12238.jpg,1138,628,123,29,1261,657
00000000000000001000_12238.jpg,2661,857,111,28,2772,885
00000000000000001000_12238.jpg,3026,1642,176,64,3202,1706
00000000000000001000_372.jpg,3018,1603,175,58,3193,1661
00000000000000001000_12912.jpg,1162,187,50,42,1212,229
00000000000000001000_12912.jpg,416,318,91,20,507,338
00000000000000001000_12912.jpg,2579,795,116,30,2695,825
00000000000000001000_12912.jpg,2854,1588,172,59,3026,1647
00000000000000001000_23870.jpg,3277,1443,163,53,3440,1496
00000000000000001000_23870.jpg,721,1517,228,61,949,1578
00000000000000001000_10069.jpg,3289,1380,156,54,3445,1434
00000000000000001000_10069.jpg,535,1657,236,66,771,1723
00000000000000001000_1156.jpg,3880,1211,133,42,4013,1253
00000000000000001000_1156.jpg,492,1502,205,59,697,1561
00000000000000001000_4719.jpg,247,92,80,17,327,109
00000000000000001000_4719.jpg,746,1212,187,48,933,1260
00000000000000001000_4719.jpg,1829,1027,158,43,1987,1070
00000000000000001000_4719.jpg,3816,1327,136,44,3952,1371
00000000000000001000_24922.jpg,2742,1637,194,65,2936,1702
00000000000000001000_20163.jpg,2372,785,113,29,2485,814
00000000000000001000_20163.jpg,1480,1939,246,77,1726,2016
00000000000000001000_20163.jpg,2715,1553,185,61,2900,1614
00000000000000001000_19273.jpg,366,259,88,18,454,277
00000000000000001000_19273.jpg,2426,700,107,26,2533,726
00000000000000001000_19273.jpg,2564,1477,181,59,2745,1536
00000000000000001000_14378.jpg,502,214,89,18,591,232
00000000000000001000_14378.jpg,1348,225,84,20,1432,245
00000000000000001000_16977.jpg,2877,1427,164,56,3041,1483
00000000000000001000_9754.jpg,1618,79,65,17,1683,96
00000000000000001000_22978.jpg,775,384,99,20,874,404
00000000000000001000_22978.jpg,2665,815,108,29,2773,844
00000000000000001000_22978.jpg,3494,1739,185,68,3679,1807
00000000000000001000_14150.jpg,1627,372,95,19,1722,391
00000000000000001000_14150.jpg,2909,1555,168,60,3077,1615
00000000000000001000_6519.jpg,2667,746,111,28,2778,774
00000000000000001000_6519.jpg,3114,1806,182,65,3296,1871
00000000000000001000_9169.jpg,393,1410,204,51,597,1461
00000000000000001000_21644.jpg,2586,1557,169,56,2755,1613
00000000000000001000_15100.jpg,2109,961,97,25,2206,986
00000000000000001000_15100.jpg,1741,1224,178,48,1919,1272
00000000000000001000_15100.jpg,3013,1106,126,38,3139,1144
00000000000000001000_12168.jpg,1478,389,87,20,1565,409
00000000000000001000_12168.jpg,2817,1777,183,63,3000,1840
00000000000000001000_21466.jpg,796,408,109,23,905,431
00000000000000001000_21466.jpg,1759,418,96,21,1855,439
00000000000000001000_22189.jpg,3736,1206,132,42,3868,1248
00000000000000001000_17641.jpg,844,1592,227,63,1071,1655
00000000000000001000_5014.jpg,2012,482,102,23,2114,505
00000000000000001000_5014.jpg,2316,1397,166,52,2482,1449
00000000000000001000_5014.jpg,3809,1226,129,42,3938,1268
00000000000000001000_20712.jpg,1411,1801,221,65,1632,1866
00000000000000001000_6929.jpg,1724,463,94,21,1818,484
00000000000000001000_6929.jpg,928,1842,252,77,1180,1919
00000000000000001000_770.jpg,1323,216,85,17,1408,233
00000000000000001000_770.jpg,3192,1082,123,36,3315,1118
00000000000000001000_770.jpg,2874,1599,185,66,3059,1665
00000000000000001000_5759.jpg,3840,1135,123,40,3963,1175
00000000000000001000_23983.jpg,239,179,84,17,323,196
00000000000000001000_23983.jpg,2829,1381,159,49,2988,1430
00000000000000001000_5304.jpg,396,260,96,22,492,282
00000000000000001000_5304.jpg,2664,746,115,25,2779,771
00000000000000001000_5304.jpg,2861,1759,179,67,3040,1826
00000000000000001000_12712.jpg,1344,312,89,20,1433,332
00000000000000001000_12712.jpg,817,508,111,24,928,532
00000000000000001000_12712.jpg,3261,961,120,34,3381,995
00000000000000001000_12712.jpg,3281,1744,172,66,3453,1810
00000000000000001000_670.jpg,1525,301,89,20,1614,321
00000000000000001000_670.jpg,897,1551,223,62,1120,1613
00000000000000001000_6474.jpg,977,1487,215,59,1192,1546
00000000000000001000_6474.jpg,3190,1475,168,54,3358,1529
00000000000000001000_7554.jpg,1840,369,95,21,1935,390
00000000000000001000_7554.jpg,2618,1468,178,57,2796,1525
00000000000000001000_17998.jpg,937,92,93,17,1030,109
00000000000000001000_17998.jpg,813,503,107,24,920,527
00000000000000001000_17998.jpg,3128,1735,195,69,3323,1804
00000000000000001000_15002.jpg,1228,209,86,18,1314,227
00000000000000001000_15002.jpg,500,299,95,20,595,319
00000000000000001000_15002.jpg,1302,51,158,39,1460,90
00000000000000001000_15002.jpg,2860,1636,180,63,3040,1699
00000000000000001000_15566.jpg,1474,727,135,32,1609,759
00000000000000001000_15566.jpg,3933,1318,136,45,4069,1363
00000000000000001000_21659.jpg,1395,278,87,19,1482,297
00000000000000001000_21659.jpg,3983,1346,116,43,4099,1389
00000000000000001000_11601.jpg,2385,1169,157,44,2542,1213
00000000000000001000_23835.jpg,3235,1052,134,38,3369,1090
00000000000000001000_2499.jpg,738,327,105,22,843,349
00000000000000001000_2499.jpg,300,1097,184,45,484,1142
00000000000000001000_2499.jpg,3153,1436,174,40,3327,1476
00000000000000001000_15800.jpg,848,116,71,17,919,133
00000000000000001000_15800.jpg,898,521,111,26,1009,547
00000000000000001000_15800.jpg,2102,504,99,23,2201,527
00000000000000001000_15800.jpg,1014,1686,225,73,1239,1759
00000000000000001000_15800.jpg,3158,1529,180,63,3338,1592
00000000000000001000_22725.jpg,1122,1923,228,68,1350,1991
00000000000000001000_22725.jpg,3376,1836,186,71,3562,1907
00000000000000001000_2459.jpg,1191,545,121,28,1312,573
00000000000000001000_2459.jpg,2064,560,111,30,2175,590
00000000000000001000_2459.jpg,301,1093,183,44,484,1137
00000000000000001000_2459.jpg,3081,1782,179,66,3260,1848
00000000000000001000_7699.jpg,1230,158,79,17,1309,175
00000000000000001000_7699.jpg,72,786,154,37,226,823
00000000000000001000_7699.jpg,3475,1036,122,35,3597,1071
00000000000000001000_7699.jpg,3406,1567,166,55,3572,1622
00000000000000001000_13262.jpg,677,353,105,20,782,373
00000000000000001000_13262.jpg,1580,319,88,20,1668,339
00000000000000001000_13262.jpg,486,1138,190,46,676,1184
00000000000000001000_13262.jpg,3686,1270,130,45,3816,1315
00000000000000001000_1349.jpg,2108,1303,160,46,2268,1349
00000000000000001000_12208.jpg,894,146,75,15,969,161
00000000000000001000_12208.jpg,823,514,111,25,934,539
00000000000000001000_12208.jpg,2572,782,125,28,2697,810
00000000000000001000_12208.jpg,3006,1572,180,62,3186,1634
00000000000000001000_15496.jpg,520,1229,196,51,716,1280
00000000000000001000_15496.jpg,2438,1429,164,51,2602,1480
00000000000000001000_10514.jpg,1708,1537,204,62,1912,1599
00000000000000001000_24201.jpg,2137,898,130,35,2267,933
00000000000000001000_17709.jpg,648,458,109,25,757,483
00000000000000001000_17709.jpg,3150,1919,194,82,3344,2001
00000000000000001000_16735.jpg,327,914,137,39,464,953
00000000000000001000_16735.jpg,2483,1319,174,52,2657,1371
00000000000000001000_6139.jpg,1037,146,78,15,1115,161
00000000000000001000_6139.jpg,445,338,100,22,545,360
00000000000000001000_6139.jpg,2381,1345,167,54,2548,1399
00000000000000001000_6924.jpg,1274,699,86,22,1360,721
00000000000000001000_6924.jpg,929,1846,216,73,1145,1919
00000000000000001000_9404.jpg,3849,1358,101,41,3950,1399
00000000000000001000_18459.jpg,977,46,69,14,1046,60
00000000000000001000_18459.jpg,434,224,90,18,524,242
00000000000000001000_18459.jpg,1090,759,127,31,1217,790
00000000000000001000_18459.jpg,2337,595,104,24,2441,619
00000000000000001000_18459.jpg,3070,1636,180,66,3250,1702
00000000000000001000_21391.jpg,2559,1506,179,58,2738,1564
00000000000000001000_22735.jpg,1846,656,111,24,1957,680
00000000000000001000_18071.jpg,841,469,117,26,958,495
00000000000000001000_18071.jpg,2880,1564,186,67,3066,1631
00000000000000001000_19074.jpg,1147,132,79,17,1226,149
00000000000000001000_19074.jpg,743,483,112,24,855,507
00000000000000001000_19074.jpg,353,548,145,31,498,579
00000000000000001000_19074.jpg,2405,715,113,28,2518,743
00000000000000001000_19074.jpg,410,1388,201,49,611,1437
00000000000000001000_19074.jpg,3184,1838,177,64,3361,1902
00000000000000001000_15313.jpg,3973,1344,108,42,4081,1386
00000000000000001000_3429.jpg,2989,1543,181,64,3170,1607
00000000000000001000_18965.jpg,692,347,104,23,796,370
00000000000000001000_18965.jpg,3028,1615,196,63,3224,1678
00000000000000001000_23203.jpg,730,486,110,22,840,508
00000000000000001000_23203.jpg,1943,528,109,23,2052,551
00000000000000001000_23203.jpg,2060,1650,193,58,2253,1708
00000000000000001000_14030.jpg,3723,1133,125,40,3848,1173
00000000000000001000_14030.jpg,872,1698,238,69,1110,1767
00000000000000001000_12193.jpg,87,171,82,19,169,190
00000000000000001000_12193.jpg,1693,477,101,24,1794,501
00000000000000001000_12193.jpg,1087,565,123,28,1210,593
00000000000000001000_12193.jpg,3961,1445,134,47,4095,1492
00000000000000001000_23642.jpg,338,260,90,18,428,278
00000000000000001000_23642.jpg,816,397,110,23,926,420
00000000000000001000_23642.jpg,2503,1273,165,50,2668,1323
00000000000000001000_23642.jpg,1101,1840,234,69,1335,1909
00000000000000001000_5744.jpg,709,1528,226,64,935,1592
00000000000000001000_417.jpg,1468,380,89,19,1557,399
00000000000000001000_417.jpg,1244,639,116,28,1360,667
00000000000000001000_417.jpg,2789,1568,174,59,2963,1627
00000000000000001000_9384.jpg,525,1309,197,55,722,1364
00000000000000001000_9384.jpg,3460,1167,136,39,3596,1206
00000000000000001000_17854.jpg,2528,1396,170,55,2698,1451
00000000000000001000_3039.jpg,3033,833,117,29,3150,862
00000000000000001000_3039.jpg,467,1633,229,53,696,1686
00000000000000001000_7074.jpg,3538,1274,131,42,3669,1316
00000000000000001000_2068.jpg,1965,1407,197,54,2162,1461
00000000000000001000_6599.jpg,896,65,60,14,956,79
00000000000000001000_6599.jpg,2734,1638,188,63,2922,1701
00000000000000001000_1211.jpg,343,169,84,17,427,186
00000000000000001000_1211.jpg,874,1980,234,67,1108,2047
00000000000000001000_5314.jpg,1157,163,78,18,1235,181
00000000000000001000_5314.jpg,3920,1138,125,36,4045,1174
00000000000000001000_22690.jpg,1234,228,100,20,1334,248
00000000000000001000_22690.jpg,279,240,90,18,369,258
00000000000000001000_22690.jpg,2270,694,111,26,2381,720
00000000000000001000_22690.jpg,703,1337,208,55,911,1392
00000000000000001000_22690.jpg,3351,1795,174,70,3525,1865
00000000000000001000_20296.jpg,3760,1160,137,40,3897,1200
00000000000000001000_19268.jpg,669,426,110,22,779,448
00000000000000001000_19268.jpg,2270,600,101,25,2371,625
00000000000000001000_15060.jpg,3284,1976,182,74,3466,2050
00000000000000001000_17077.jpg,1132,209,82,17,1214,226
00000000000000001000_17077.jpg,3744,1265,133,44,3877,1309
00000000000000001000_14699.jpg,2582,1413,172,54,2754,1467
00000000000000001000_14699.jpg,628,1839,241,69,869,1908
00000000000000001000_18587.jpg,277,210,86,17,363,227
00000000000000001000_18587.jpg,1392,305,87,19,1479,324
00000000000000001000_18587.jpg,1018,682,127,30,1145,712
00000000000000001000_19321.jpg,970,520,109,24,1079,544
00000000000000001000_19321.jpg,2349,682,111,25,2460,707
00000000000000001000_19321.jpg,632,1577,208,57,840,1634
00000000000000001000_19321.jpg,3028,1531,179,60,3207,1591
00000000000000001000_15531.jpg,574,458,104,25,678,483
00000000000000001000_15531.jpg,1623,486,101,20,1724,506
00000000000000001000_15531.jpg,2907,1796,188,69,3095,1865
00000000000000001000_16808.jpg,1388,193,82,17,1470,210
00000000000000001000_16808.jpg,3817,1173,119,42,3936,1215
00000000000000001000_9879.jpg,1623,463,39,43,1662,506
00000000000000001000_9879.jpg,2058,497,63,76,2121,573
00000000000000001000_9879.jpg,3792,1175,100,105,3892,1280
00000000000000001000_9879.jpg,762,1548,234,64,996,1612
00000000000000001000_5229.jpg,426,1403,214,58,640,1461
00000000000000001000_5229.jpg,3483,1440,151,53,3634,1493
00000000000000001000_6289.jpg,3765,704,202,38,3967,742
00000000000000001000_22328.jpg,3714,1344,127,43,3841,1387
00000000000000001000_11024.jpg,933,109,70,15,1003,124
00000000000000001000_11024.jpg,998,434,110,26,1108,460
00000000000000001000_11024.jpg,2074,456,99,22,2173,478
00000000000000001000_19865.jpg,3925,1293,130,43,4055,1336
00000000000000001000_23484.jpg,2942,1044,125,36,3067,1080
00000000000000001000_19306.jpg,109,36,46,16,155,52
00000000000000001000_19306.jpg,1418,233,86,20,1504,253
00000000000000001000_19306.jpg,632,1575,207,58,839,1633
00000000000000001000_19306.jpg,2967,1785,181,65,3148,1850
00000000000000001000_14591.jpg,841,57,74,16,915,73
00000000000000001000_14591.jpg,970,547,116,27,1086,574
00000000000000001000_14591.jpg,2895,1819,190,68,3085,1887
00000000000000001000_170.jpg,375,264,94,20,469,284
00000000000000001000_170.jpg,2442,796,116,28,2558,824
00000000000000001000_170.jpg,3243,1677,184,64,3427,1741
00000000000000001000_16987.jpg,3751,1206,132,41,3883,1247
00000000000000001000_10259.jpg,930,79,54,14,984,93
00000000000000001000_10259.jpg,3800,1075,123,39,3923,1114
00000000000000001000_10259.jpg,948,1830,251,77,1199,1907
00000000000000001000_6854.jpg,1060,1293,204,54,1264,1347
00000000000000001000_16408.jpg,3791,1199,140,40,3931,1239
00000000000000001000_9489.jpg,1518,370,76,20,1594,390
00000000000000001000_9489.jpg,1250,785,138,35,1388,820
00000000000000001000_9994.jpg,1073,1156,48,14,1121,1170
00000000000000001000_16322.jpg,912,1945,247,72,1159,2017
00000000000000001000_4784.jpg,2693,818,117,32,2810,850
00000000000000001000_4784.jpg,832,1771,230,62,1062,1833
00000000000000001000_17744.jpg,2759,1411,87,22,2846,1433
00000000000000001000_17744.jpg,2727,1591,195,64,2922,1655
00000000000000001000_22121.jpg,706,339,95,21,801,360
00000000000000001000_22121.jpg,3023,1700,184,64,3207,1764
00000000000000001000_20462.jpg,628,287,89,18,717,305
00000000000000001000_20462.jpg,1755,397,94,22,1849,419
00000000000000001000_20462.jpg,2732,1515,123,24,2855,1539
00000000000000001000_20462.jpg,2859,1590,180,63,3039,1653
00000000000000001000_5864.jpg,1573,391,94,20,1667,411
00000000000000001000_16534.jpg,2495,733,106,27,2601,760
00000000000000001000_16534.jpg,2945,1609,187,61,3132,1670
00000000000000001000_24457.jpg,1918,524,105,24,2023,548
00000000000000001000_24457.jpg,2497,1500,170,53,2667,1553
00000000000000001000_7939.jpg,596,389,104,22,700,411
00000000000000001000_7939.jpg,3853,331,173,94,4026,425
00000000000000001000_7939.jpg,2456,1514,171,54,2627,1568
00000000000000001000_7129.jpg,2654,1562,188,61,2842,1623
00000000000000001000_12747.jpg,880,380,94,21,974,401
00000000000000001000_12747.jpg,2599,788,116,29,2715,817
00000000000000001000_17769.jpg,581,342,96,20,677,362
00000000000000001000_17769.jpg,1498,72,91,18,1589,90
00000000000000001000_17769.jpg,1602,314,76,19,1678,333
00000000000000001000_17769.jpg,2190,1221,152,45,2342,1266
00000000000000001000_17266.jpg,759,1180,138,32,897,1212
00000000000000001000_17266.jpg,872,1460,214,39,1086,1499
00000000000000001000_17266.jpg,1115,1151,134,39,1249,1190
00000000000000001000_17266.jpg,2861,1450,172,54,3033,1504
00000000000000001000_17266.jpg,1365,1903,161,48,1526,1951
00000000000000001000_15755.jpg,993,214,79,16,1072,230
00000000000000001000_15755.jpg,3696,1300,133,45,3829,1345
00000000000000001000_2364.jpg,1764,425,90,21,1854,446
00000000000000001000_2364.jpg,850,524,122,26,972,550
00000000000000001000_2364.jpg,3859,1386,128,45,3987,1431
00000000000000001000_2364.jpg,2674,1530,187,64,2861,1594
00000000000000001000_1937.jpg,1008,122,78,16,1086,138
00000000000000001000_1937.jpg,2264,735,110,26,2374,761
00000000000000001000_1937.jpg,3193,1685,178,67,3371,1752
00000000000000001000_13057.jpg,704,292,91,18,795,310
00000000000000001000_13057.jpg,1650,381,97,21,1747,402
00000000000000001000_13057.jpg,2590,1440,188,59,2778,1499
00000000000000001000_12423.jpg,198,97,83,17,281,114
00000000000000001000_12423.jpg,1479,369,91,19,1570,388
00000000000000001000_12423.jpg,3804,1519,132,56,3936,1575
00000000000000001000_9049.jpg,2888,731,112,29,3000,760
00000000000000001000_9049.jpg,2850,1734,193,69,3043,1803
00000000000000001000_3064.jpg,1445,377,95,20,1540,397
00000000000000001000_3064.jpg,3894,1369,128,42,4022,1411
00000000000000001000_23755.jpg,3171,849,115,31,3286,880
00000000000000001000_23755.jpg,882,1719,234,66,1116,1785
00000000000000001000_19038.jpg,3747,1291,132,43,3879,1334
00000000000000001000_19038.jpg,670,1784,224,65,894,1849
00000000000000001000_18061.jpg,1469,374,92,20,1561,394
00000000000000001000_18061.jpg,942,585,112,24,1054,609
00000000000000001000_18061.jpg,3142,1719,189,68,3331,1787
00000000000000001000_14185.jpg,814,470,107,23,921,493
00000000000000001000_14185.jpg,2145,1365,165,52,2310,1417
00000000000000001000_14185.jpg,3988,1347,98,43,4086,1390
00000000000000001000_6039.jpg,2929,1331,160,53,3089,1384
00000000000000001000_13965.jpg,971,122,79,17,1050,139
00000000000000001000_13965.jpg,2393,756,114,28,2507,784
00000000000000001000_13965.jpg,2899,1792,184,68,3083,1860
00000000000000001000_21975.jpg,1116,119,76,16,1192,135
00000000000000001000_21975.jpg,3844,1151,123,42,3967,1193
00000000000000001000_21975.jpg,873,1533,227,63,1100,1596
00000000000000001000_2599.jpg,1032,606,127,29,1159,635
00000000000000001000_2599.jpg,2054,714,115,24,2169,738
00000000000000001000_3884.jpg,2605,1497,182,61,2787,1558
00000000000000001000_21759.jpg,2439,847,78,21,2517,868
00000000000000001000_21759.jpg,2124,854,65,19,2189,873
00000000000000001000_21759.jpg,2639,1544,177,54,2816,1598
00000000000000001000_19109.jpg,2889,1721,182,60,3071,1781
00000000000000001000_15880.jpg,1902,557,103,24,2005,581
00000000000000001000_15880.jpg,2486,1156,132,46,2618,1202
00000000000000001000_21860.jpg,835,54,64,14,899,68
00000000000000001000_21860.jpg,1804,493,100,22,1904,515
00000000000000001000_21860.jpg,994,569,112,26,1106,595
00000000000000001000_21860.jpg,3993,1279,99,42,4092,1321
00000000000000001000_7499.jpg,1038,102,75,17,1113,119
00000000000000001000_7499.jpg,3931,1402,129,42,4060,1444
00000000000000001000_14035.jpg,2842,1360,161,51,3003,1411
00000000000000001000_14035.jpg,873,1698,236,68,1109,1766
00000000000000001000_1068.jpg,717,91,71,13,788,104
00000000000000001000_1068.jpg,407,303,98,20,505,323
00000000000000001000_9724.jpg,3059,1731,191,67,3250,1798
00000000000000001000_7639.jpg,2705,1641,182,64,2887,1705
00000000000000001000_16589.jpg,460,133,87,17,547,150
00000000000000001000_24427.jpg,605,283,94,20,699,303
00000000000000001000_24427.jpg,2773,1599,202,63,2975,1662
00000000000000001000_19642.jpg,1154,792,131,32,1285,824
00000000000000001000_19642.jpg,3790,1459,132,49,3922,1508
00000000000000001000_19579.jpg,1187,238,77,17,1264,255
00000000000000001000_19579.jpg,1938,596,102,27,2040,623
00000000000000001000_19579.jpg,3041,1735,180,63,3221,1798
00000000000000001000_21421.jpg,2985,879,118,32,3103,911
00000000000000001000_21421.jpg,2870,1728,181,64,3051,1792
00000000000000001000_7244.jpg,1402,194,82,17,1484,211
00000000000000001000_7244.jpg,1270,672,119,28,1389,700
00000000000000001000_7244.jpg,3073,901,112,33,3185,934
00000000000000001000_7244.jpg,896,1330,208,55,1104,1385
00000000000000001000_7244.jpg,3238,1723,169,62,3407,1785
00000000000000001000_20316.jpg,1460,219,158,31,1618,250
00000000000000001000_20316.jpg,1480,302,95,22,1575,324
00000000000000001000_20316.jpg,670,445,115,22,785,467
00000000000000001000_20316.jpg,2815,1557,178,61,2993,1618
00000000000000001000_9319.jpg,439,1379,226,55,665,1434
00000000000000001000_14689.jpg,738,3,59,15,797,18
00000000000000001000_14689.jpg,514,383,98,22,612,405
00000000000000001000_14689.jpg,1532,410,93,21,1625,431
00000000000000001000_16843.jpg,976,174,77,17,1053,191
00000000000000001000_11972.jpg,3188,1811,178,67,3366,1878
00000000000000001000_2574.jpg,2407,683,111,26,2518,709
00000000000000001000_21416.jpg,3980,1279,113,45,4093,1324
00000000000000001000_12005.jpg,425,241,88,18,513,259
00000000000000001000_12005.jpg,484,1470,202,60,686,1530
00000000000000001000_12005.jpg,2865,1717,188,65,3053,1782
00000000000000001000_392.jpg,3402,1180,124,37,3526,1217
00000000000000001000_392.jpg,2942,1719,177,64,3119,1783
00000000000000001000_20306.jpg,870,451,117,24,987,475
00000000000000001000_20306.jpg,2825,1592,187,62,3012,1654
00000000000000001000_3204.jpg,1905,1228,180,48,2085,1276
00000000000000001000_16559.jpg,3071,1661,171,62,3242,1723
00000000000000001000_12707.jpg,1063,614,121,28,1184,642
00000000000000001000_12707.jpg,3187,1032,125,33,3312,1065
00000000000000001000_12707.jpg,3066,1786,180,69,3246,1855
00000000000000001000_5089.jpg,1949,481,102,24,2051,505
00000000000000001000_5089.jpg,3722,1285,138,42,3860,1327
00000000000000001000_19755.jpg,3793,1225,124,41,3917,1266
00000000000000001000_21586.jpg,1149,271,72,17,1221,288
00000000000000001000_9544.jpg,1155,123,75,17,1230,140
00000000000000001000_9544.jpg,3228,1053,122,35,3350,1088
00000000000000001000_9544.jpg,3004,1662,179,65,3183,1727
00000000000000001000_24587.jpg,2966,1746,187,66,3153,1812
00000000000000001000_19667.jpg,274,107,79,16,353,123
00000000000000001000_19667.jpg,3680,1122,142,40,3822,1162
00000000000000001000_19667.jpg,2991,1699,183,65,3174,1764
00000000000000001000_22439.jpg,905,88,71,14,976,102
00000000000000001000_22439.jpg,817,517,109,23,926,540
00000000000000001000_22439.jpg,3261,1004,118,34,3379,1038
00000000000000001000_22439.jpg,2738,1467,176,55,2914,1522
00000000000000001000_9359.jpg,525,1309,197,55,722,1364
00000000000000001000_9359.jpg,3002,1587,184,68,3186,1655
00000000000000001000_11867.jpg,171,248,89,18,260,266
00000000000000001000_11867.jpg,3241,925,113,32,3354,957
00000000000000001000_15964.jpg,315,1173,198,50,513,1223
00000000000000001000_15964.jpg,2915,1416,169,54,3084,1470
00000000000000001000_6119.jpg,1445,343,91,23,1536,366
00000000000000001000_17441.jpg,810,478,117,25,927,503
00000000000000001000_17441.jpg,2629,1695,191,66,2820,1761
00000000000000001000_21536.jpg,1882,556,99,24,1981,580
00000000000000001000_21536.jpg,880,1594,219,62,1099,1656
00000000000000001000_15461.jpg,1807,505,104,22,1911,527
00000000000000001000_15461.jpg,520,1229,199,50,719,1279
00000000000000001000_15461.jpg,2714,1455,176,54,2890,1509
00000000000000001000_1191.jpg,1323,216,83,18,1406,234
00000000000000001000_1191.jpg,935,736,130,29,1065,765
00000000000000001000_1191.jpg,874,1980,232,67,1106,2047
00000000000000001000_1191.jpg,3072,1566,174,60,3246,1626
00000000000000001000_21629.jpg,280,114,82,18,362,132
00000000000000001000_21629.jpg,3705,1355,138,43,3843,1398
00000000000000001000_13497.jpg,572,262,96,20,668,282
00000000000000001000_13497.jpg,2644,666,113,24,2757,690
00000000000000001000_13497.jpg,2785,1493,187,62,2972,1555
00000000000000001000_6589.jpg,3934,1277,131,46,4065,1323
00000000000000001000_6589.jpg,1076,1608,203,54,1279,1662
00000000000000001000_21729.jpg,594,251,92,18,686,269
00000000000000001000_21729.jpg,1674,386,89,18,1763,404
00000000000000001000_21729.jpg,643,1295,182,48,825,1343
00000000000000001000_21729.jpg,2971,1689,185,68,3156,1757
00000000000000001000_16395.jpg,1812,1203,153,39,1965,1242
00000000000000001000_504.jpg,2636,776,108,28,2744,804
00000000000000001000_19471.jpg,3096,906,120,30,3216,936
00000000000000001000_8979.jpg,1569,958,139,37,1708,995
00000000000000001000_8979.jpg,3839,1081,120,38,3959,1119
00000000000000001000_8759.jpg,3792,1422,133,47,3925,1469
00000000000000001000_1472.jpg,130,120,83,17,213,137
00000000000000001000_1472.jpg,3158,866,112,32,3270,898
00000000000000001000_1472.jpg,2526,1457,179,56,2705,1513
00000000000000001000_8034.jpg,1057,566,123,29,1180,595
00000000000000001000_8034.jpg,3702,1119,143,39,3845,1158
00000000000000001000_14964.jpg,1252,263,82,18,1334,281
00000000000000001000_14964.jpg,642,372,100,22,742,394
00000000000000001000_14964.jpg,2491,797,117,28,2608,825
00000000000000001000_14964.jpg,2979,1530,177,62,3156,1592
00000000000000001000_15905.jpg,1126,163,84,18,1210,181
00000000000000001000_15905.jpg,572,326,72,21,644,347
00000000000000001000_15905.jpg,2199,672,104,25,2303,697
00000000000000001000_15905.jpg,2352,1345,173,53,2525,1398
00000000000000001000_15905.jpg,1080,1892,227,68,1307,1960
00000000000000001000_13770.jpg,1162,153,79,16,1241,169
00000000000000001000_13770.jpg,1911,1168,155,42,2066,1210
00000000000000001000_13770.jpg,3775,1268,134,44,3909,1312
00000000000000001000_665.jpg,241,171,81,16,322,187
00000000000000001000_665.jpg,1229,316,89,19,1318,335
00000000000000001000_665.jpg,3758,1144,123,42,3881,1186
00000000000000001000_665.jpg,898,1551,223,62,1121,1613
00000000000000001000_18249.jpg,3070,1627,180,64,3250,1691
00000000000000001000_4844.jpg,515,275,101,21,616,296
00000000000000001000_4844.jpg,1408,353,88,18,1496,371
00000000000000001000_4844.jpg,3756,1387,139,44,3895,1431
00000000000000001000_22482.jpg,1272,644,122,28,1394,672
00000000000000001000_1622.jpg,751,412,109,22,860,434
00000000000000001000_1622.jpg,1413,336,94,20,1507,356
00000000000000001000_1622.jpg,2765,1576,199,67,2964,1643
00000000000000001000_11485.jpg,1362,1761,229,68,1591,1829
00000000000000001000_24161.jpg,2922,1495,157,49,3079,1544
00000000000000001000_1637.jpg,3102,1719,178,67,3280,1786
00000000000000001000_6084.jpg,788,1123,187,49,975,1172
00000000000000001000_21106.jpg,1037,152,82,20,1119,172
00000000000000001000_17376.jpg,2354,391,72,46,2426,437
00000000000000001000_17376.jpg,3165,1878,192,64,3357,1942
00000000000000001000_2519.jpg,298,1097,186,46,484,1143
00000000000000001000_2519.jpg,3218,1121,123,37,3341,1158
00000000000000001000_16332.jpg,2690,1407,174,56,2864,1463
00000000000000001000_16332.jpg,910,1945,252,72,1162,2017
00000000000000001000_21754.jpg,3486,1222,135,43,3621,1265
00000000000000001000_21754.jpg,1129,1502,213,55,1342,1557
00000000000000001000_4669.jpg,474,1049,179,43,653,1092
00000000000000001000_4669.jpg,3186,1653,185,62,3371,1715
00000000000000001000_15815.jpg,1005,1687,234,72,1239,1759
00000000000000001000_15815.jpg,2317,1531,187,56,2504,1587
00000000000000001000_7339.jpg,2090,477,100,20,2190,497
00000000000000001000_7339.jpg,2953,1524,181,63,3134,1587
00000000000000001000_14503.jpg,496,287,95,19,591,306
00000000000000001000_14503.jpg,1499,315,91,18,1590,333
00000000000000001000_14503.jpg,2878,1646,184,66,3062,1712
00000000000000001000_5589.jpg,1709,352,93,20,1802,372
00000000000000001000_5589.jpg,791,592,120,28,911,620
00000000000000001000_5589.jpg,3901,1158,102,34,4003,1192
00000000000000001000_21175.jpg,1834,472,102,23,1936,495
00000000000000001000_21175.jpg,1059,621,126,28,1185,649
00000000000000001000_21175.jpg,3260,856,93,53,3353,909
00000000000000001000_21175.jpg,2952,1738,185,67,3137,1805
00000000000000001000_7194.jpg,654,326,101,22,755,348
00000000000000001000_7194.jpg,3336,1774,190,73,3526,1847
00000000000000001000_6024.jpg,3433,1299,145,43,3578,1342
00000000000000001000_12055.jpg,1555,707,126,31,1681,738
00000000000000001000_12055.jpg,2854,755,108,30,2962,785
00000000000000001000_12055.jpg,995,1815,253,66,1248,1881
00000000000000001000_11699.jpg,2245,1419,184,57,2429,1476
00000000000000001000_24281.jpg,1277,331,85,18,1362,349
00000000000000001000_4629.jpg,704,332,101,22,805,354
00000000000000001000_4629.jpg,2051,551,105,22,2156,573
00000000000000001000_4629.jpg,474,1049,181,43,655,1092
00000000000000001000_10769.jpg,721,289,92,18,813,307
00000000000000001000_10769.jpg,2834,1649,175,61,3009,1710
00000000000000001000_8924.jpg,1685,391,89,20,1774,411
00000000000000001000_4339.jpg,3256,1007,124,36,3380,1043
00000000000000001000_918.jpg,687,331,104,22,791,353
00000000000000001000_918.jpg,3301,975,125,36,3426,1011
00000000000000001000_918.jpg,2934,1562,187,65,3121,1627
00000000000000001000_23444.jpg,3327,875,89,20,3416,895
00000000000000001000_23444.jpg,3221,949,118,34,3339,983
00000000000000001000_22700.jpg,279,168,86,18,365,186
00000000000000001000_22700.jpg,2230,684,106,25,2336,709
00000000000000001000_22700.jpg,703,1337,208,54,911,1391
00000000000000001000_22700.jpg,3916,1522,149,49,4065,1571
00000000000000001000_1299.jpg,1026,613,127,26,1153,639
00000000000000001000_1299.jpg,2256,560,105,24,2361,584
00000000000000001000_1299.jpg,3117,1732,173,64,3290,1796
00000000000000001000_21684.jpg,3431,1190,131,40,3562,1230
00000000000000001000_16.jpg,3905,1428,129,48,4034,1476
00000000000000001000_16.jpg,1415,1496,175,54,1590,1550
00000000000000001000_7234.jpg,3936,1146,122,40,4058,1186
00000000000000001000_20218.jpg,995,714,130,31,1125,745
00000000000000001000_20218.jpg,1885,618,106,23,1991,641
00000000000000001000_20218.jpg,2644,1564,185,63,2829,1627
00000000000000001000_2914.jpg,676,350,106,22,782,372
00000000000000001000_2914.jpg,3639,1193,128,42,3767,1235
00000000000000001000_1707.jpg,623,382,104,22,727,404
00000000000000001000_1707.jpg,1864,479,104,22,1968,501
00000000000000001000_17894.jpg,2018,639,114,24,2132,663
00000000000000001000_11503.jpg,847,496,111,25,958,521
00000000000000001000_11503.jpg,2001,500,103,25,2104,525
00000000000000001000_11503.jpg,2979,1592,176,63,3155,1655
00000000000000001000_16264.jpg,653,381,110,21,763,402
00000000000000001000_16264.jpg,513,1211,197,53,710,1264
00000000000000001000_16264.jpg,2762,1658,187,65,2949,1723
00000000000000001000_9234.jpg,3247,960,125,35,3372,995
00000000000000001000_9234.jpg,3033,1595,184,64,3217,1659
00000000000000001000_1662.jpg,2645,1214,155,47,2800,1261
00000000000000001000_1462.jpg,417,299,96,20,513,319
00000000000000001000_1462.jpg,1629,397,95,21,1724,418
00000000000000001000_1462.jpg,3947,1466,136,48,4083,1514
00000000000000001000_1492.jpg,2828,1279,166,50,2994,1329
00000000000000001000_46.jpg,2305,1354,171,48,2476,1402
00000000000000001000_15775.jpg,3412,1289,136,46,3548,1335
00000000000000001000_18925.jpg,1312,275,84,20,1396,295
00000000000000001000_18925.jpg,1063,667,123,28,1186,695
00000000000000001000_18925.jpg,2673,707,113,28,2786,735
00000000000000001000_18925.jpg,2809,1601,185,66,2994,1667
00000000000000001000_15203.jpg,910,478,114,25,1024,503
00000000000000001000_15203.jpg,1569,335,90,20,1659,355
00000000000000001000_15203.jpg,343,1301,199,55,542,1356
00000000000000001000_15203.jpg,2598,1659,185,62,2783,1721
00000000000000001000_23291.jpg,1209,145,80,17,1289,162
00000000000000001000_23291.jpg,410,216,90,19,500,235
00000000000000001000_23291.jpg,2236,1522,170,52,2406,1574
00000000000000001000_21890.jpg,1364,254,88,19,1452,273
00000000000000001000_1364.jpg,355,263,63,18,418,281
00000000000000001000_1364.jpg,908,525,117,26,1025,551
00000000000000001000_1364.jpg,2903,862,116,30,3019,892
00000000000000001000_1364.jpg,2910,1680,189,66,3099,1746
00000000000000001000_24487.jpg,1865,461,97,22,1962,483
00000000000000001000_24487.jpg,3792,1269,135,40,3927,1309
00000000000000001000_21930.jpg,917,71,75,15,992,86
00000000000000001000_21930.jpg,3865,1429,131,44,3996,1473
00000000000000001000_7874.jpg,3961,1268,128,46,4089,1314
00000000000000001000_7874.jpg,845,1512,228,56,1073,1568
00000000000000001000_20742.jpg,613,221,81,22,694,243
00000000000000001000_20742.jpg,2944,1483,178,57,3122,1540
00000000000000001000_6614.jpg,2703,1412,167,57,2870,1469
00000000000000001000_16609.jpg,805,1770,221,59,1026,1829
00000000000000001000_20905.jpg,3774,1160,125,40,3899,1200
00000000000000001000_20905.jpg,3006,1543,184,59,3190,1602
00000000000000001000_3769.jpg,2214,1406,173,52,2387,1458
00000000000000001000_17256.jpg,525,328,97,22,622,350
00000000000000001000_17256.jpg,3903,1342,127,45,4030,1387
00000000000000001000_15820.jpg,3409,1218,143,44,3552,1262
00000000000000001000_15820.jpg,1088,1687,149,62,1237,1749
00000000000000001000_15895.jpg,1986,626,103,22,2089,648
00000000000000001000_15895.jpg,1079,1892,226,69,1305,1961
00000000000000001000_15895.jpg,2412,1513,179,55,2591,1568
00000000000000001000_20991.jpg,3661,1331,141,41,3802,1372
00000000000000001000_20991.jpg,776,1638,232,64,1008,1702
00000000000000001000_2989.jpg,466,1631,230,55,696,1686
00000000000000001000_2989.jpg,3026,1705,191,70,3217,1775
00000000000000001000_1098.jpg,637,374,96,20,733,394
00000000000000001000_1098.jpg,2826,864,118,29,2944,893
00000000000000001000_1098.jpg,1781,1472,80,74,1861,1546
00000000000000001000_17924.jpg,296,80,79,16,375,96
00000000000000001000_17924.jpg,1616,368,91,20,1707,388
00000000000000001000_17924.jpg,595,1320,201,51,796,1371
00000000000000001000_17924.jpg,1999,1025,149,41,2148,1066
00000000000000001000_17924.jpg,3943,1226,82,37,4025,1263
00000000000000001000_21476.jpg,3747,1259,139,44,3886,1303
00000000000000001000_1537.jpg,2787,1570,187,58,2974,1628
00000000000000001000_16584.jpg,662,496,117,27,779,523
00000000000000001000_16584.jpg,2925,1439,183,59,3108,1498
00000000000000001000_13960.jpg,1408,360,87,18,1495,378
00000000000000001000_13960.jpg,2510,744,121,27,2631,771
00000000000000001000_13960.jpg,2869,1489,167,59,3036,1548
00000000000000001000_1552.jpg,1036,609,122,28,1158,637
00000000000000001000_1552.jpg,2090,541,98,22,2188,563
00000000000000001000_1552.jpg,3006,940,120,33,3126,973
00000000000000001000_1552.jpg,3091,1834,185,69,3276,1903
00000000000000001000_23223.jpg,1940,1256,167,47,2107,1303
00000000000000001000_11523.jpg,407,302,95,20,502,322
00000000000000001000_11523.jpg,1427,355,86,19,1513,374
00000000000000001000_11523.jpg,3350,1016,120,37,3470,1053
00000000000000001000_11523.jpg,2699,1701,180,61,2879,1762
00000000000000001000_11737.jpg,711,17,65,14,776,31
00000000000000001000_11737.jpg,538,326,100,21,638,347
00000000000000001000_11737.jpg,1714,493,99,19,1813,512
00000000000000001000_11737.jpg,2973,1787,200,74,3173,1861
00000000000000001000_22318.jpg,1229,286,107,18,1336,304
00000000000000001000_22318.jpg,1672,289,91,21,1763,310
00000000000000001000_22318.jpg,3662,1300,158,44,3820,1344
00000000000000001000_19456.jpg,173,181,81,16,254,197
00000000000000001000_19456.jpg,2246,575,107,26,2353,601
00000000000000001000_19456.jpg,3070,1618,184,63,3254,1681
00000000000000001000_1186.jpg,989,125,75,16,1064,141
00000000000000001000_1186.jpg,2287,584,104,24,2391,608
00000000000000001000_1186.jpg,873,1980,235,67,1108,2047
00000000000000001000_1186.jpg,2548,1692,183,63,2731,1755
00000000000000001000_22740.jpg,3696,1190,146,42,3842,1232
00000000000000001000_18479.jpg,665,332,89,18,754,350
00000000000000001000_18479.jpg,2431,1482,172,52,2603,1534
00000000000000001000_12318.jpg,2903,1494,109,42,3012,1536
00000000000000001000_11160.jpg,2481,617,143,76,2624,693
00000000000000001000_11160.jpg,3036,734,247,39,3283,773
00000000000000001000_11160.jpg,2956,961,125,35,3081,996
00000000000000001000_11160.jpg,2436,1470,175,54,2611,1524
00000000000000001000_19509.jpg,832,54,68,14,900,68
00000000000000001000_19509.jpg,434,254,87,18,521,272
00000000000000001000_19509.jpg,2222,572,104,25,2326,597
00000000000000001000_19509.jpg,2186,1354,164,50,2350,1404
00000000000000001000_19509.jpg,432,1494,208,59,640,1553
00000000000000001000_22958.jpg,895,548,112,24,1007,572
00000000000000001000_22958.jpg,3618,1182,124,40,3742,1222
00000000000000001000_7689.jpg,1000,592,132,29,1132,621
00000000000000001000_7689.jpg,2404,628,110,26,2514,654
00000000000000001000_7689.jpg,3767,1132,125,39,3892,1171
00000000000000001000_20737.jpg,1058,450,105,24,1163,474
00000000000000001000_20737.jpg,1564,254,84,18,1648,272
00000000000000001000_20737.jpg,3089,1545,180,64,3269,1609
00000000000000001000_20137.jpg,905,454,110,24,1015,478
00000000000000001000_20137.jpg,1405,321,86,18,1491,339
00000000000000001000_20137.jpg,2145,1311,166,47,2311,1358
00000000000000001000_20137.jpg,1374,1841,218,64,1592,1905
00000000000000001000_13297.jpg,1024,575,110,26,1134,601
00000000000000001000_13297.jpg,3228,914,115,34,3343,948
00000000000000001000_13297.jpg,3226,1619,182,66,3408,1685
00000000000000001000_10614.jpg,1556,420,93,21,1649,441
00000000000000001000_10614.jpg,1615,985,155,41,1770,1026
00000000000000001000_10614.jpg,3692,1244,132,39,3824,1283
00000000000000001000_24437.jpg,3098,265,127,31,3225,296
00000000000000001000_24437.jpg,2897,259,125,31,3022,290
00000000000000001000_24437.jpg,2843,787,119,28,2962,815
00000000000000001000_24437.jpg,2703,1735,187,65,2890,1800
00000000000000001000_10169.jpg,537,313,95,19,632,332
00000000000000001000_10169.jpg,1607,316,92,18,1699,334
00000000000000001000_10169.jpg,2807,1580,182,64,2989,1644
00000000000000001000_5209.jpg,1118,526,118,27,1236,553
00000000000000001000_5209.jpg,2417,629,106,25,2523,654
00000000000000001000_5209.jpg,3847,1240,134,43,3981,1283
00000000000000001000_5209.jpg,3154,1694,187,62,3341,1756
00000000000000001000_22670.jpg,1386,273,86,19,1472,292
00000000000000001000_22670.jpg,2992,1767,191,65,3183,1832
00000000000000001000_24301.jpg,2724,859,123,32,2847,891
00000000000000001000_16047.jpg,686,350,99,22,785,372
00000000000000001000_16047.jpg,1608,430,95,22,1703,452
00000000000000001000_16047.jpg,2933,1712,183,65,3116,1777
00000000000000001000_13332.jpg,1820,416,99,24,1919,440
00000000000000001000_13332.jpg,2614,1772,190,62,2804,1834
00000000000000001000_3474.jpg,1531,266,82,20,1613,286
00000000000000001000_3474.jpg,2258,1266,166,48,2424,1314
00000000000000001000_4574.jpg,3544,1198,136,41,3680,1239
00000000000000001000_12188.jpg,636,518,112,25,748,543
00000000000000001000_12188.jpg,2701,893,108,32,2809,925
00000000000000001000_12188.jpg,3078,1643,187,66,3265,1709
00000000000000001000_18106.jpg,977,58,50,28,1027,86
00000000000000001000_18106.jpg,601,292,96,21,697,313
00000000000000001000_18106.jpg,1659,972,144,38,1803,1010
00000000000000001000_18106.jpg,2841,807,117,28,2958,835
00000000000000001000_18106.jpg,795,1641,236,56,1031,1697
00000000000000001000_6079.jpg,908,423,102,22,1010,445
00000000000000001000_6079.jpg,789,1122,186,49,975,1171
00000000000000001000_6079.jpg,2952,1418,174,59,3126,1477
00000000000000001000_18727.jpg,1129,162,80,17,1209,179
00000000000000001000_18727.jpg,681,329,104,22,785,351
00000000000000001000_18727.jpg,604,1390,199,50,803,1440
00000000000000001000_18727.jpg,3053,1536,175,62,3228,1598
00000000000000001000_10904.jpg,1239,1392,208,58,1447,1450
00000000000000001000_6684.jpg,2810,1598,184,64,2994,1662
00000000000000001000_9709.jpg,1857,441,95,20,1952,461
00000000000000001000_9709.jpg,2606,1336,171,54,2777,1390
00000000000000001000_9709.jpg,901,1787,252,73,1153,1860
00000000000000001000_16269.jpg,1584,291,77,18,1661,309
00000000000000001000_16269.jpg,1441,869,142,35,1583,904
00000000000000001000_16269.jpg,512,1211,198,52,710,1263
00000000000000001000_16269.jpg,3300,1108,80,36,3380,1144
00000000000000001000_16269.jpg,3226,1606,186,60,3412,1666
00000000000000001000_21195.jpg,954,204,77,15,1031,219
00000000000000001000_21195.jpg,2413,828,116,30,2529,858
00000000000000001000_21195.jpg,2378,1511,178,62,2556,1573
00000000000000001000_16901.jpg,1337,812,124,42,1461,854
00000000000000001000_16901.jpg,3604,1334,133,41,3737,1375
00000000000000001000_13337.jpg,2814,1368,174,56,2988,1424
00000000000000001000_12842.jpg,886,584,118,28,1004,612
00000000000000001000_12842.jpg,2503,889,119,32,2622,921
00000000000000001000_12842.jpg,2760,1561,178,61,2938,1622
00000000000000001000_12534.jpg,2887,1451,171,60,3058,1511
00000000000000001000_13482.jpg,1335,276,90,21,1425,297
00000000000000001000_13482.jpg,2631,1702,191,63,2822,1765
00000000000000001000_17954.jpg,585,384,97,22,682,406
00000000000000001000_17954.jpg,595,1321,203,50,798,1371
00000000000000001000_17954.jpg,2750,1519,175,60,2925,1579
00000000000000001000_20557.jpg,719,478,118,24,837,502
00000000000000001000_20557.jpg,2924,1388,119,30,3043,1418
00000000000000001000_20557.jpg,1065,1787,243,73,1308,1860
00000000000000001000_20557.jpg,2858,1854,203,61,3061,1915
00000000000000001000_22259.jpg,454,1282,196,52,650,1334
00000000000000001000_13492.jpg,606,405,103,22,709,427
00000000000000001000_13492.jpg,2039,503,99,23,2138,526
00000000000000001000_13492.jpg,2850,1562,185,63,3035,1625
00000000000000001000_11528.jpg,575,402,101,22,676,424
00000000000000001000_11528.jpg,1607,434,92,20,1699,454
00000000000000001000_11528.jpg,3790,1192,123,43,3913,1235
00000000000000001000_17371.jpg,1822,442,100,24,1922,466
00000000000000001000_17371.jpg,3895,1283,128,45,4023,1328
00000000000000001000_1542.jpg,1578,428,95,22,1673,450
00000000000000001000_1542.jpg,3506,1035,123,37,3629,1072
00000000000000001000_11729.jpg,3916,1317,128,45,4044,1362
00000000000000001000_4379.jpg,601,1349,205,55,806,1404
00000000000000001000_4379.jpg,2520,1263,169,53,2689,1316
00000000000000001000_4379.jpg,3276,1057,129,33,3405,1090
00000000000000001000_12932.jpg,1231,198,81,17,1312,215
00000000000000001000_12932.jpg,3908,1417,128,46,4036,1463
00000000000000001000_6354.jpg,1226,175,77,17,1303,192
00000000000000001000_6354.jpg,906,1602,228,65,1134,1667
00000000000000001000_7429.jpg,594,340,87,23,681,363
00000000000000001000_7429.jpg,1483,302,87,23,1570,325
00000000000000001000_12997.jpg,2129,745,114,25,2243,770
00000000000000001000_12997.jpg,2465,1783,193,67,2658,1850
00000000000000001000_6834.jpg,2822,824,115,30,2937,854
00000000000000001000_6834.jpg,2427,1449,178,51,2605,1500
00000000000000001000_23003.jpg,1184,1478,214,58,1398,1536
00000000000000001000_23003.jpg,2970,1620,171,60,3141,1680
00000000000000001000_15353.jpg,2622,1562,182,60,2804,1622
00000000000000001000_6434.jpg,2858,1482,179,57,3037,1539
00000000000000001000_16387.jpg,3581,1281,138,45,3719,1326
00000000000000001000_1987.jpg,541,288,90,18,631,306
00000000000000001000_1987.jpg,3938,1330,121,44,4059,1374
00000000000000001000_20228.jpg,1301,232,89,19,1390,251
00000000000000001000_20228.jpg,3847,1370,127,46,3974,1416
00000000000000001000_20036.jpg,1401,345,91,20,1492,365
00000000000000001000_20036.jpg,3778,1234,149,44,3927,1278
00000000000000001000_10524.jpg,2307,558,99,23,2406,581
00000000000000001000_10524.jpg,3073,1541,179,59,3252,1600
00000000000000001000_21288.jpg,2914,887,111,32,3025,919
00000000000000001000_21288.jpg,3035,1768,178,67,3213,1835
00000000000000001000_16494.jpg,1103,195,80,18,1183,213
00000000000000001000_16494.jpg,2803,1699,178,63,2981,1762
00000000000000001000_5299.jpg,2700,1641,181,61,2881,1702
00000000000000001000_20116.jpg,620,355,98,19,718,374
00000000000000001000_585.jpg,164,75,73,15,237,90
00000000000000001000_585.jpg,1212,267,80,18,1292,285
00000000000000001000_585.jpg,609,391,99,21,708,412
00000000000000001000_585.jpg,2626,1554,137,53,2763,1607
00000000000000001000_21326.jpg,302,157,83,17,385,174
00000000000000001000_21326.jpg,2048,327,104,28,2152,355
00000000000000001000_21326.jpg,1058,600,119,29,1177,629
00000000000000001000_21326.jpg,2127,622,103,26,2230,648
00000000000000001000_21326.jpg,2846,1829,178,61,3024,1890
00000000000000001000_13875.jpg,97,65,80,23,177,88
00000000000000001000_13875.jpg,640,360,104,22,744,382
00000000000000001000_13875.jpg,2505,1477,164,52,2669,1529
00000000000000001000_9864.jpg,764,1547,232,65,996,1612
00000000000000001000_16362.jpg,2729,1589,182,58,2911,1647
00000000000000001000_22600.jpg,463,298,92,19,555,317
00000000000000001000_22600.jpg,1800,468,93,19,1893,487
00000000000000001000_22600.jpg,2702,946,121,30,2823,976
00000000000000001000_22600.jpg,2520,1525,192,64,2712,1589
00000000000000001000_11887.jpg,2527,1356,167,51,2694,1407
00000000000000001000_8344.jpg,101,740,135,33,236,773
00000000000000001000_8344.jpg,2875,1529,175,51,3050,1580
00000000000000001000_12977.jpg,894,507,114,24,1008,531
00000000000000001000_7279.jpg,1299,204,82,17,1381,221
00000000000000001000_7279.jpg,895,1332,209,56,1104,1388
00000000000000001000_7279.jpg,3868,1250,128,42,3996,1292
00000000000000001000_18852.jpg,2815,1422,174,57,2989,1479
00000000000000001000_1967.jpg,2730,1403,177,56,2907,1459
00000000000000001000_2529.jpg,1815,476,99,23,1914,499
00000000000000001000_20011.jpg,1537,373,102,24,1639,397
00000000000000001000_20011.jpg,923,595,124,28,1047,623
00000000000000001000_20011.jpg,3515,1293,135,41,3650,1334
00000000000000001000_20011.jpg,2761,1770,187,68,2948,1838
00000000000000001000_18018.jpg,597,312,102,22,699,334
00000000000000001000_18018.jpg,3039,940,117,29,3156,969
00000000000000001000_18018.jpg,2934,1781,182,69,3116,1850
00000000000000001000_13302.jpg,1111,139,75,16,1186,155
00000000000000001000_13302.jpg,300,191,90,17,390,208
00000000000000001000_13302.jpg,2891,778,112,30,3003,808
00000000000000001000_13302.jpg,2946,1662,183,66,3129,1728
00000000000000001000_22353.jpg,3578,1616,171,66,3749,1682
00000000000000001000_22394.jpg,565,272,94,20,659,292
00000000000000001000_22394.jpg,3026,1684,181,68,3207,1752
00000000000000001000_24387.jpg,1095,166,81,17,1176,183
00000000000000001000_24387.jpg,691,372,122,25,813,397
00000000000000001000_24387.jpg,3228,1834,193,72,3421,1906
00000000000000001000_7664.jpg,2936,1687,186,70,3122,1757
00000000000000001000_7659.jpg,803,538,110,24,913,562
00000000000000001000_7659.jpg,1829,503,98,22,1927,525
00000000000000001000_20717.jpg,739,20,58,15,797,35
00000000000000001000_20717.jpg,1663,856,138,35,1801,891
00000000000000001000_16798.jpg,976,87,75,14,1051,101
00000000000000001000_16798.jpg,1187,450,114,25,1301,475
00000000000000001000_16798.jpg,3990,1454,98,45,4088,1499
00000000000000001000_5249.jpg,378,1357,209,56,587,1413
00000000000000001000_5249.jpg,2865,1652,176,62,3041,1714
00000000000000001000_18176.jpg,806,501,106,24,912,525
00000000000000001000_18176.jpg,3130,930,129,33,3259,963
00000000000000001000_18176.jpg,2992,1687,192,66,3184,1753
00000000000000001000_24627.jpg,1156,220,86,18,1242,238
00000000000000001000_24627.jpg,668,377,101,25,769,402
00000000000000001000_24627.jpg,3095,1497,175,59,3270,1556
00000000000000001000_4674.jpg,474,1049,179,43,653,1092
00000000000000001000_4674.jpg,3692,1459,140,46,3832,1505
00000000000000001000_8004.jpg,2518,1510,167,56,2685,1566
00000000000000001000_18038.jpg,1056,227,82,18,1138,245
00000000000000001000_13590.jpg,3104,1404,163,54,3267,1458
00000000000000001000_24063.jpg,1068,154,75,16,1143,170
00000000000000001000_24063.jpg,2991,1051,123,35,3114,1086
00000000000000001000_24063.jpg,2586,1567,176,58,2762,1625
00000000000000001000_2414.jpg,956,554,115,25,1071,579
00000000000000001000_2414.jpg,3249,946,122,34,3371,980
00000000000000001000_2414.jpg,3002,1490,178,58,3180,1548
00000000000000001000_24942.jpg,966,125,77,18,1043,143
00000000000000001000_24942.jpg,317,273,88,18,405,291
00000000000000001000_24942.jpg,2491,1256,58,18,2549,1274
00000000000000001000_24942.jpg,2357,1366,166,55,2523,1421
00000000000000001000_11987.jpg,2444,1316,178,54,2622,1370
00000000000000001000_11987.jpg,3677,1118,127,42,3804,1160
00000000000000001000_23271.jpg,926,101,75,16,1001,117
00000000000000001000_23271.jpg,3594,979,123,36,3717,1015
00000000000000001000_24043.jpg,1309,260,82,17,1391,277
00000000000000001000_24043.jpg,2800,963,121,31,2921,994
00000000000000001000_11508.jpg,845,69,73,15,918,84
00000000000000001000_11508.jpg,839,427,107,25,946,452
00000000000000001000_11508.jpg,3138,978,122,35,3260,1013
00000000000000001000_13730.jpg,2495,1504,188,57,2683,1561
00000000000000001000_16773.jpg,1212,259,82,18,1294,277
00000000000000001000_16773.jpg,3218,1940,185,69,3403,2009
00000000000000001000_4044.jpg,961,477,110,24,1071,501
00000000000000001000_4044.jpg,1923,459,112,22,2035,481
00000000000000001000_4044.jpg,941,1386,193,52,1134,1438
00000000000000001000_4044.jpg,3940,1000,156,35,4096,1035
00000000000000001000_4044.jpg,3875,1427,147,40,4022,1467
00000000000000001000_12015.jpg,885,527,113,24,998,551
00000000000000001000_12015.jpg,483,1470,202,59,685,1529
00000000000000001000_12015.jpg,3440,1173,133,39,3573,1212
00000000000000001000_19426.jpg,2164,636,103,24,2267,660
00000000000000001000_19426.jpg,2629,1723,176,61,2805,1784
00000000000000001000_11412.jpg,3609,1134,124,40,3733,1174
00000000000000001000_3324.jpg,1147,125,77,16,1224,141
00000000000000001000_3324.jpg,428,1296,207,55,635,1351
00000000000000001000_3324.jpg,3683,1206,133,39,3816,1245
00000000000000001000_6239.jpg,3651,1298,130,43,3781,1341
00000000000000001000_6239.jpg,2772,1686,206,63,2978,1749
00000000000000001000_6239.jpg,2777,1864,110,42,2887,1906
00000000000000001000_13560.jpg,3830,1350,133,43,3963,1393
00000000000000001000_9159.jpg,393,1411,204,51,597,1462
00000000000000001000_9159.jpg,2321,1531,206,61,2527,1592
00000000000000001000_12572.jpg,1010,152,76,16,1086,168
00000000000000001000_12572.jpg,2044,1165,161,46,2205,1211
00000000000000001000_12572.jpg,3960,1324,132,45,4092,1369
00000000000000001000_22843.jpg,3207,1743,179,62,3386,1805
00000000000000001000_13725.jpg,1612,422,100,22,1712,444
00000000000000001000_13725.jpg,3869,1273,133,46,4002,1319
00000000000000001000_15358.jpg,1347,259,86,20,1433,279
00000000000000001000_15358.jpg,3801,1205,128,37,3929,1242
00000000000000001000_2654.jpg,3024,1561,158,52,3182,1613
00000000000000001000_1582.jpg,673,351,102,21,775,372
00000000000000001000_1582.jpg,190,1207,190,46,380,1253
00000000000000001000_1582.jpg,2868,1695,189,59,3057,1754
00000000000000001000_13267.jpg,941,61,71,16,1012,77
00000000000000001000_13267.jpg,1621,467,98,23,1719,490
00000000000000001000_13267.jpg,485,1138,191,47,676,1185
00000000000000001000_13267.jpg,2614,1503,185,60,2799,1563
00000000000000001000_12358.jpg,765,101,64,16,829,117
00000000000000001000_12358.jpg,1336,376,91,20,1427,396
00000000000000001000_12358.jpg,2245,1446,179,54,2424,1500
00000000000000001000_1647.jpg,3941,1227,129,41,4070,1268
00000000000000001000_1647.jpg,2920,1608,177,60,3097,1668
00000000000000001000_6809.jpg,1219,1522,209,60,1428,1582
00000000000000001000_1522.jpg,131,86,77,17,208,103
00000000000000001000_1522.jpg,1834,484,99,22,1933,506
00000000000000001000_14418.jpg,677,343,100,21,777,364
00000000000000001000_14418.jpg,2800,871,120,32,2920,903
00000000000000001000_14418.jpg,3012,1639,180,62,3192,1701
00000000000000001000_15343.jpg,2628,807,120,31,2748,838
00000000000000001000_15343.jpg,2694,1560,190,61,2884,1621
00000000000000001000_18842.jpg,934,494,112,26,1046,520
00000000000000001000_18842.jpg,3587,1937,185,75,3772,2012
00000000000000001000_24477.jpg,1093,558,120,27,1213,585
00000000000000001000_24477.jpg,2073,539,100,23,2173,562
00000000000000001000_24477.jpg,3091,1652,139,58,3230,1710
00000000000000001000_175.jpg,3254,1757,191,72,3445,1829
00000000000000001000_19386.jpg,1835,374,94,23,1929,397
00000000000000001000_19386.jpg,1275,642,124,29,1399,671
00000000000000001000_19386.jpg,3013,1578,178,61,3191,1639
00000000000000001000_10039.jpg,1858,400,59,20,1917,420
00000000000000001000_10039.jpg,1378,787,131,33,1509,820
00000000000000001000_10039.jpg,3713,1397,136,43,3849,1440
00000000000000001000_15025.jpg,1738,400,101,24,1839,424
00000000000000001000_15025.jpg,908,680,120,29,1028,709
00000000000000001000_15025.jpg,2939,1780,181,66,3120,1846
00000000000000001000_24221.jpg,3015,1078,126,35,3141,1113
00000000000000001000_24502.jpg,3768,1220,123,37,3891,1257
00000000000000001000_18379.jpg,602,424,104,23,706,447
00000000000000001000_18379.jpg,2629,945,123,34,2752,979
00000000000000001000_18379.jpg,2819,1641,186,65,3005,1706
00000000000000001000_4589.jpg,694,283,96,22,790,305
00000000000000001000_4589.jpg,2822,1528,177,58,2999,1586
00000000000000001000_9839.jpg,1676,314,91,19,1767,333
00000000000000001000_9839.jpg,3055,1755,183,66,3238,1821
00000000000000001000_21056.jpg,2774,659,197,48,2971,707
00000000000000001000_21056.jpg,2542,1364,176,54,2718,1418
00000000000000001000_18522.jpg,774,510,112,26,886,536
00000000000000001000_18522.jpg,2500,605,72,19,2572,624
00000000000000001000_18522.jpg,2458,652,120,25,2578,677
00000000000000001000_18522.jpg,2620,1657,177,60,2797,1717
00000000000000001000_9479.jpg,3768,1462,134,48,3902,1510
00000000000000001000_19023.jpg,64,96,65,15,129,111
00000000000000001000_19023.jpg,1153,730,129,31,1282,761
00000000000000001000_19023.jpg,669,1784,225,65,894,1849
00000000000000001000_19023.jpg,2670,1579,183,62,2853,1641
00000000000000001000_16433.jpg,769,30,68,14,837,44
00000000000000001000_16433.jpg,1911,574,103,24,2014,598
00000000000000001000_16433.jpg,3906,1399,130,49,4036,1448
00000000000000001000_1053.jpg,1706,458,101,23,1807,481
00000000000000001000_1053.jpg,2886,1793,192,67,3078,1860
00000000000000001000_24442.jpg,2181,31,113,25,2294,56
00000000000000001000_24442.jpg,2008,26,107,25,2115,51
00000000000000001000_24442.jpg,1976,452,102,22,2078,474
00000000000000001000_24442.jpg,1486,1009,147,39,1633,1048
00000000000000001000_24442.jpg,3061,1710,187,70,3248,1780
00000000000000001000_12677.jpg,3932,1414,132,46,4064,1460
00000000000000001000_2249.jpg,3268,1725,149,62,3417,1787
00000000000000001000_13387.jpg,667,1358,209,56,876,1414
00000000000000001000_13387.jpg,2679,1693,181,64,2860,1757
00000000000000001000_1344.jpg,748,519,112,24,860,543
00000000000000001000_10414.jpg,1339,217,82,18,1421,235
00000000000000001000_10414.jpg,3940,1425,134,49,4074,1474
00000000000000001000_11827.jpg,871,386,108,23,979,409
00000000000000001000_11827.jpg,1353,181,82,18,1435,199
00000000000000001000_11827.jpg,3872,1128,126,41,3998,1169
00000000000000001000_11827.jpg,2930,1616,178,65,3108,1681
00000000000000001000_17651.jpg,938,514,114,26,1052,540
00000000000000001000_17651.jpg,2904,1677,189,69,3093,1746
00000000000000001000_12203.jpg,1381,348,88,19,1469,367
00000000000000001000_12203.jpg,1703,1043,147,39,1850,1082
00000000000000001000_20847.jpg,223,783,140,34,363,817
00000000000000001000_23110.jpg,3,502,120,31,123,533
00000000000000001000_23110.jpg,3668,1195,142,42,3810,1237
00000000000000001000_23110.jpg,2650,1611,185,68,2835,1679
00000000000000001000_22775.jpg,1312,2020,104,24,1416,2044
00000000000000001000_2554.jpg,1567,318,89,18,1656,336
00000000000000001000_2554.jpg,2731,1447,205,58,2936,1505
00000000000000001000_15055.jpg,2039,526,104,22,2143,548
00000000000000001000_15055.jpg,1336,741,139,33,1475,774
00000000000000001000_15055.jpg,994,1883,252,71,1246,1954
00000000000000001000_16863.jpg,1190,1646,219,59,1409,1705
00000000000000001000_7224.jpg,1747,328,94,22,1841,350
00000000000000001000_18817.jpg,986,462,113,26,1099,488
00000000000000001000_18817.jpg,2331,687,110,28,2441,715
00000000000000001000_18817.jpg,2883,1566,191,64,3074,1630
00000000000000001000_17416.jpg,552,228,94,20,646,248
00000000000000001000_17416.jpg,1784,439,98,23,1882,462
00000000000000001000_274.jpg,2076,597,98,23,2174,620
00000000000000001000_274.jpg,1397,610,119,28,1516,638
00000000000000001000_274.jpg,1325,1943,245,77,1570,2020
00000000000000001000_8269.jpg,817,129,210,29,1027,158
00000000000000001000_8269.jpg,1131,131,133,30,1264,161
00000000000000001000_8269.jpg,2521,647,109,24,2630,671
00000000000000001000_8269.jpg,2770,1729,111,48,2881,1777
00000000000000001000_12872.jpg,1263,262,93,22,1356,284
00000000000000001000_12872.jpg,772,416,108,23,880,439
00000000000000001000_12872.jpg,2811,1494,187,59,2998,1553
00000000000000001000_3469.jpg,2707,1455,179,60,2886,1515
00000000000000001000_14498.jpg,1073,677,121,29,1194,706
00000000000000001000_14498.jpg,3362,1837,188,77,3550,1914
00000000000000001000_20547.jpg,3682,1230,133,43,3815,1273
00000000000000001000_12514.jpg,1437,203,86,18,1523,221
00000000000000001000_12514.jpg,1639,851,137,35,1776,886
00000000000000001000_12514.jpg,3774,1320,135,39,3909,1359
00000000000000001000_15030.jpg,524,387,97,20,621,407
00000000000000001000_15030.jpg,3096,1684,189,66,3285,1750
00000000000000001000_6349.jpg,1755,371,95,22,1850,393
00000000000000001000_6349.jpg,906,1603,228,64,1134,1667
00000000000000001000_10249.jpg,948,1830,251,77,1199,1907
00000000000000001000_15401.jpg,2089,1052,150,41,2239,1093
00000000000000001000_15401.jpg,3892,1193,126,42,4018,1235
00000000000000001000_16082.jpg,2456,1358,175,54,2631,1412
00000000000000001000_16082.jpg,2416,1548,205,50,2621,1598
00000000000000001000_287.jpg,2409,650,116,28,2525,678
00000000000000001000_287.jpg,2400,1324,166,51,2566,1375
00000000000000001000_19326.jpg,1123,191,81,18,1204,209
00000000000000001000_19326.jpg,808,374,105,23,913,397
00000000000000001000_19326.jpg,632,1575,207,59,839,1634
00000000000000001000_20632.jpg,1148,648,124,30,1272,678
00000000000000001000_20632.jpg,2190,610,107,22,2297,632
00000000000000001000_20632.jpg,2616,1457,183,59,2799,1516
00000000000000001000_2334.jpg,2639,1379,171,54,2810,1433
00000000000000001000_15760.jpg,936,163,79,18,1015,181
00000000000000001000_15760.jpg,2466,1612,182,58,2648,1670
00000000000000001000_1837.jpg,514,326,96,20,610,346
00000000000000001000_1837.jpg,2873,1535,176,58,3049,1593
00000000000000001000_11538.jpg,1900,989,141,37,2041,1026
00000000000000001000_12524.jpg,3461,1183,137,42,3598,1225
00000000000000001000_22249.jpg,1710,448,99,23,1809,471
00000000000000001000_22249.jpg,454,1282,196,52,650,1334
00000000000000001000_22249.jpg,2257,1568,181,56,2438,1624
00000000000000001000_24417.jpg,881,133,78,18,959,151
00000000000000001000_24417.jpg,400,191,74,19,474,210
00000000000000001000_11807.jpg,3359,1623,178,62,3537,1685
00000000000000001000_14245.jpg,793,35,66,15,859,50
00000000000000001000_14245.jpg,1435,330,92,20,1527,350
00000000000000001000_14245.jpg,3162,1004,138,36,3300,1040
00000000000000001000_14245.jpg,1043,1666,239,66,1282,1732
00000000000000001000_14245.jpg,2493,1524,202,64,2695,1588
00000000000000001000_11110.jpg,2116,520,102,22,2218,542
00000000000000001000_11110.jpg,3207,1779,175,64,3382,1843
00000000000000001000_17671.jpg,3466,1149,128,40,3594,1189
00000000000000001000_17982.jpg,1427,375,97,20,1524,395
00000000000000001000_17982.jpg,2701,1510,176,58,2877,1568
00000000000000001000_7504.jpg,1595,388,89,19,1684,407
00000000000000001000_7504.jpg,3788,1279,137,43,3925,1322
00000000000000001000_312.jpg,2336,922,132,36,2468,958
00000000000000001000_312.jpg,1086,1391,199,59,1285,1450
00000000000000001000_19627.jpg,2200,1496,177,56,2377,1552
00000000000000001000_16904.jpg,1254,290,84,18,1338,308
00000000000000001000_16904.jpg,1098,532,119,27,1217,559
00000000000000001000_20369.jpg,3958,1298,128,46,4086,1344
00000000000000001000_12050.jpg,351,1319,190,54,541,1373
00000000000000001000_12050.jpg,2716,1565,168,56,2884,1621
00000000000000001000_3299.jpg,1177,170,82,18,1259,188
00000000000000001000_3299.jpg,2949,983,122,34,3071,1017
00000000000000001000_3299.jpg,429,1296,205,54,634,1350
00000000000000001000_3299.jpg,3138,1621,179,63,3317,1684
00000000000000001000_21366.jpg,1153,660,120,28,1273,688
00000000000000001000_21366.jpg,3144,1892,188,72,3332,1964
00000000000000001000_12368.jpg,1221,309,91,18,1312,327
00000000000000001000_12368.jpg,2441,1481,174,51,2615,1532
00000000000000001000_14644.jpg,936,153,55,17,991,170
00000000000000001000_14644.jpg,663,386,100,22,763,408
00000000000000001000_14644.jpg,2017,458,98,23,2115,481
00000000000000001000_14644.jpg,3088,1835,191,66,3279,1901
00000000000000001000_22645.jpg,1706,409,99,22,1805,431
00000000000000001000_22645.jpg,1206,778,132,29,1338,807
00000000000000001000_22645.jpg,2996,1608,181,64,3177,1672
00000000000000001000_19697.jpg,3894,1320,132,45,4026,1365
00000000000000001000_150.jpg,528,257,94,20,622,277
00000000000000001000_150.jpg,1248,725,131,32,1379,757
00000000000000001000_17844.jpg,977,111,80,17,1057,128
00000000000000001000_17844.jpg,3777,1314,130,38,3907,1352
00000000000000001000_11059.jpg,1717,338,90,19,1807,357
00000000000000001000_11059.jpg,2407,1125,152,46,2559,1171
00000000000000001000_15805.jpg,1060,1687,179,65,1239,1752
00000000000000001000_15805.jpg,2951,1659,179,62,3130,1721
00000000000000001000_15604.jpg,1148,232,76,16,1224,248
00000000000000001000_21313.jpg,1529,837,146,35,1675,872
00000000000000001000_21313.jpg,3774,1281,132,42,3906,1323
00000000000000001000_21313.jpg,1033,1890,211,70,1244,1960
00000000000000001000_22917.jpg,3738,1124,130,39,3868,1163
00000000000000001000_12030.jpg,483,1470,203,59,686,1529
00000000000000001000_12030.jpg,1997,1327,124,47,2121,1374
00000000000000001000_12030.jpg,3855,1323,134,44,3989,1367
00000000000000001000_15870.jpg,416,222,91,17,507,239
00000000000000001000_15870.jpg,2621,1589,195,69,2816,1658
00000000000000001000_12722.jpg,378,215,86,17,464,232
00000000000000001000_12722.jpg,3819,458,185,47,4004,505
00000000000000001000_12722.jpg,3867,1194,127,40,3994,1234
00000000000000001000_12722.jpg,3365,1625,153,62,3518,1687
00000000000000001000_5224.jpg,2928,1545,183,64,3111,1609
00000000000000001000_24492.jpg,1518,337,89,20,1607,357
00000000000000001000_24492.jpg,2927,920,127,33,3054,953
00000000000000001000_24492.jpg,2722,1723,188,67,2910,1790
00000000000000001000_16092.jpg,1302,244,88,21,1390,265
00000000000000001000_16012.jpg,1067,563,117,26,1184,589
00000000000000001000_16012.jpg,3198,1130,124,35,3322,1165
00000000000000001000_16012.jpg,814,1715,230,60,1044,1775
00000000000000001000_22577.jpg,2727,1247,153,49,2880,1296
00000000000000001000_2649.jpg,1930,576,101,24,2031,600
00000000000000001000_10389.jpg,827,418,108,24,935,442
00000000000000001000_10389.jpg,2931,905,119,32,3050,937
00000000000000001000_10389.jpg,2953,1570,178,58,3131,1628
00000000000000001000_20807.jpg,1403,246,84,17,1487,263
00000000000000001000_20807.jpg,3436,1835,181,68,3617,1903
00000000000000001000_4329.jpg,2643,798,134,28,2777,826
00000000000000001000_4329.jpg,2826,1538,182,59,3008,1597
00000000000000001000_13347.jpg,2892,1483,175,56,3067,1539
00000000000000001000_11636.jpg,832,391,104,23,936,414
00000000000000001000_11636.jpg,3371,1741,176,65,3547,1806
00000000000000001000_7989.jpg,1055,160,77,16,1132,176
00000000000000001000_7989.jpg,3050,1497,113,32,3163,1529
00000000000000001000_1334.jpg,2721,1710,208,71,2929,1781
00000000000000001000_20364.jpg,2303,555,101,26,2404,581
00000000000000001000_20364.jpg,2601,1501,184,60,2785,1561
00000000000000001000_4984.jpg,3041,1724,183,61,3224,1785
00000000000000001000_840.jpg,564,440,100,22,664,462
00000000000000001000_840.jpg,1357,289,94,20,1451,309
00000000000000001000_840.jpg,2815,1615,184,63,2999,1678
00000000000000001000_7184.jpg,858,487,109,25,967,512
00000000000000001000_7184.jpg,1862,481,83,22,1945,503
00000000000000001000_4079.jpg,941,1385,193,52,1134,1437
00000000000000001000_4079.jpg,2589,1439,167,53,2756,1492
00000000000000001000_8124.jpg,2125,576,98,23,2223,599
00000000000000001000_8124.jpg,2771,1464,189,57,2960,1521
00000000000000001000_8729.jpg,3797,1103,117,37,3914,1140
00000000000000001000_8729.jpg,2963,1567,178,62,3141,1629
00000000000000001000_18622.jpg,1819,410,96,20,1915,430
00000000000000001000_18622.jpg,493,1453,204,50,697,1503
00000000000000001000_18622.jpg,3471,1225,131,41,3602,1266
00000000000000001000_23760.jpg,3334,1161,127,38,3461,1199
00000000000000001000_23760.jpg,882,1719,234,66,1116,1785
00000000000000001000_498.jpg,2685,1428,184,52,2869,1480
00000000000000001000_17271.jpg,1528,418,92,22,1620,440
00000000000000001000_17271.jpg,3019,1714,179,66,3198,1780
00000000000000001000_9814.jpg,2541,734,111,31,2652,765
00000000000000001000_9814.jpg,2806,1667,178,63,2984,1730
00000000000000001000_3269.jpg,635,1380,217,58,852,1438
00000000000000001000_3269.jpg,2782,1497,166,53,2948,1550
00000000000000001000_5899.jpg,3307,1124,122,35,3429,1159
00000000000000001000_13507.jpg,884,86,75,15,959,101
00000000000000001000_13507.jpg,652,283,98,21,750,304
00000000000000001000_13507.jpg,2955,1582,180,64,3135,1646
00000000000000001000_12253.jpg,1241,644,123,29,1364,673
00000000000000001000_12253.jpg,3343,1901,174,66,3517,1967
00000000000000001000_16479.jpg,2209,767,98,27,2307,794
00000000000000001000_16479.jpg,2871,1590,187,63,3058,1653
00000000000000001000_4249.jpg,3016,1526,187,62,3203,1588
00000000000000001000_15885.jpg,3499,1088,238,56,3737,1144
00000000000000001000_15885.jpg,3105,1674,186,69,3291,1743
00000000000000001000_15263.jpg,1788,479,93,21,1881,500
00000000000000001000_15263.jpg,2618,777,116,31,2734,808
00000000000000001000_15263.jpg,2986,1743,177,65,3163,1808
00000000000000001000_1842.jpg,370,242,88,19,458,261
00000000000000001000_1842.jpg,2289,1217,162,47,2451,1264
00000000000000001000_1842.jpg,3837,1163,92,79,3929,1242
00000000000000001000_13575.jpg,1949,444,95,22,2044,466
00000000000000001000_13575.jpg,1635,942,144,37,1779,979
00000000000000001000_14433.jpg,1741,447,64,22,1805,469
00000000000000001000_14433.jpg,1548,980,147,37,1695,1017
00000000000000001000_14433.jpg,3958,1474,125,51,4083,1525
00000000000000001000_23082.jpg,3749,1151,119,40,3868,1191
00000000000000001000_16097.jpg,2167,734,95,26,2262,760
00000000000000001000_16097.jpg,644,1374,193,50,837,1424
00000000000000001000_21624.jpg,560,321,96,20,656,341
00000000000000001000_21624.jpg,1830,536,101,23,1931,559
00000000000000001000_21624.jpg,3181,1558,72,25,3253,1583
00000000000000001000_2769.jpg,1335,262,88,19,1423,281
00000000000000001000_2769.jpg,456,942,160,38,616,980
00000000000000001000_13127.jpg,664,1353,204,56,868,1409
00000000000000001000_13127.jpg,2834,1418,163,53,2997,1471
00000000000000001000_2063.jpg,1325,276,81,19,1406,295
00000000000000001000_2063.jpg,3848,1513,141,54,3989,1567
00000000000000001000_24367.jpg,1911,530,101,24,2012,554
00000000000000001000_24367.jpg,3167,1665,182,67,3349,1732
00000000000000001000_3284.jpg,468,1341,210,55,678,1396
00000000000000001000_3284.jpg,3794,1198,132,40,3926,1238
00000000000000001000_3284.jpg,2863,1727,183,64,3046,1791
00000000000000001000_23627.jpg,2418,1237,162,48,2580,1285
00000000000000001000_16342.jpg,3372,275,84,24,3456,299
00000000000000001000_16342.jpg,3829,1162,127,41,3956,1203
00000000000000001000_16342.jpg,910,1945,247,72,1157,2017
00000000000000001000_9499.jpg,3400,1351,147,42,3547,1393
00000000000000001000_998.jpg,2496,805,104,20,2600,825
00000000000000001000_998.jpg,2923,1588,182,64,3105,1652
00000000000000001000_12942.jpg,1050,234,80,17,1130,251
00000000000000001000_12942.jpg,769,425,108,23,877,448
00000000000000001000_12942.jpg,2876,1501,178,61,3054,1562
00000000000000001000_1517.jpg,1036,171,79,15,1115,186
00000000000000001000_1517.jpg,816,471,109,25,925,496
00000000000000001000_1517.jpg,2636,1481,180,57,2816,1538
00000000000000001000_13232.jpg,328,162,84,17,412,179
00000000000000001000_13232.jpg,1938,470,104,23,2042,493
00000000000000001000_13232.jpg,1013,639,116,26,1129,665
00000000000000001000_13232.jpg,486,1139,190,47,676,1186
00000000000000001000_13232.jpg,3049,1627,179,62,3228,1689
00000000000000001000_2254.jpg,2357,1340,164,50,2521,1390
00000000000000001000_21441.jpg,621,259,94,19,715,278
00000000000000001000_21441.jpg,1274,782,141,35,1415,817
00000000000000001000_18772.jpg,568,358,107,22,675,380
00000000000000001000_18772.jpg,2737,1616,195,62,2932,1678
00000000000000001000_23296.jpg,370,308,90,18,460,326
00000000000000001000_23296.jpg,962,631,124,26,1086,657
00000000000000001000_23296.jpg,3491,1064,124,37,3615,1101
00000000000000001000_17406.jpg,3629,1435,146,48,3775,1483
00000000000000001000_19677.jpg,333,194,87,17,420,211
00000000000000001000_19677.jpg,1478,243,92,21,1570,264
00000000000000001000_19677.jpg,1186,697,128,30,1314,727
00000000000000001000_7334.jpg,762,556,113,25,875,581
00000000000000001000_7334.jpg,3146,1532,181,64,3327,1596
00000000000000001000_16614.jpg,805,1779,219,50,1024,1829
00000000000000001000_23261.jpg,1736,386,95,20,1831,406
00000000000000001000_23261.jpg,3817,1240,128,45,3945,1285
00000000000000001000_13895.jpg,160,95,81,17,241,112
00000000000000001000_13895.jpg,2875,695,110,28,2985,723
00000000000000001000_13895.jpg,3227,1487,184,56,3411,1543
00000000000000001000_11094.jpg,2082,1169,162,46,2244,1215
00000000000000001000_11094.jpg,3318,1080,127,38,3445,1118
00000000000000001000_22542.jpg,267,103,79,17,346,120
00000000000000001000_22542.jpg,1085,230,76,17,1161,247
00000000000000001000_22542.jpg,937,1685,211,53,1148,1738
00000000000000001000_22542.jpg,2996,1721,184,65,3180,1786
00000000000000001000_20076.jpg,1099,233,82,18,1181,251
00000000000000001000_20076.jpg,746,384,103,22,849,406
00000000000000001000_20076.jpg,2253,640,103,23,2356,663
00000000000000001000_20076.jpg,2824,1814,187,64,3011,1878
00000000000000001000_5469.jpg,1150,259,89,21,1239,280
00000000000000001000_5469.jpg,340,873,167,43,507,916
00000000000000001000_5469.jpg,3043,829,126,30,3169,859
00000000000000001000_5469.jpg,2613,1401,175,54,2788,1455
00000000000000001000_3114.jpg,2236,1454,166,52,2402,1506
00000000000000001000_24577.jpg,860,81,67,14,927,95
00000000000000001000_24577.jpg,713,342,105,23,818,365
00000000000000001000_24577.jpg,3318,1674,185,63,3503,1737
00000000000000001000_19411.jpg,2631,1444,184,58,2815,1502
00000000000000001000_19461.jpg,2862,1408,164,55,3026,1463
00000000000000001000_1802.jpg,2877,1426,165,57,3042,1483
00000000000000001000_4174.jpg,1491,191,82,17,1573,208
00000000000000001000_20492.jpg,2622,1621,183,59,2805,1680
00000000000000001000_21604.jpg,1884,395,100,22,1984,417
00000000000000001000_21604.jpg,2179,1120,164,44,2343,1164
00000000000000001000_1447.jpg,1731,528,99,23,1830,551
00000000000000001000_16312.jpg,951,462,111,26,1062,488
00000000000000001000_16312.jpg,3404,1125,118,34,3522,1159
00000000000000001000_16312.jpg,2953,1567,180,63,3133,1630
00000000000000001000_18279.jpg,545,379,100,20,645,399
00000000000000001000_18279.jpg,2193,646,106,23,2299,669
00000000000000001000_18279.jpg,3010,1618,184,67,3194,1685
00000000000000001000_20311.jpg,1702,490,96,21,1798,511
00000000000000001000_20311.jpg,3554,985,173,38,3727,1023
00000000000000001000_20311.jpg,3539,1123,142,34,3681,1157
00000000000000001000_20311.jpg,2882,1369,241,47,3123,1416
00000000000000001000_20311.jpg,2794,1438,231,48,3025,1486
00000000000000001000_20311.jpg,2747,1648,200,60,2947,1708
00000000000000001000_7019.jpg,564,282,83,19,647,301
00000000000000001000_7019.jpg,1869,1052,144,39,2013,1091
00000000000000001000_7019.jpg,3893,1231,122,45,4015,1276
00000000000000001000_21601.jpg,3227,1695,193,67,3420,1762
00000000000000001000_1617.jpg,751,412,109,22,860,434
00000000000000001000_1617.jpg,1413,336,94,20,1507,356
00000000000000001000_1617.jpg,2765,1576,199,67,2964,1643
00000000000000001000_4394.jpg,983,630,116,28,1099,658
00000000000000001000_4394.jpg,2876,890,123,32,2999,922
00000000000000001000_4394.jpg,2621,1764,191,66,2812,1830
00000000000000001000_22159.jpg,1362,275,90,19,1452,294
00000000000000001000_22159.jpg,3343,1434,334,81,3677,1515
00000000000000001000_22159.jpg,3132,1794,194,70,3326,1864
00000000000000001000_17839.jpg,3428,1130,130,40,3558,1170
00000000000000001000_14393.jpg,837,87,71,15,908,102
00000000000000001000_14393.jpg,2266,680,109,28,2375,708
00000000000000001000_13477.jpg,746,442,116,24,862,466
00000000000000001000_13477.jpg,1371,280,88,21,1459,301
00000000000000001000_13477.jpg,3775,1187,131,43,3906,1230
00000000000000001000_2161.jpg,454,368,95,22,549,390
00000000000000001000_2161.jpg,1570,387,98,22,1668,409
00000000000000001000_2161.jpg,1005,585,122,28,1127,613
00000000000000001000_2161.jpg,2808,1583,180,61,2988,1644
00000000000000001000_3904.jpg,2383,1352,177,54,2560,1406
00000000000000001000_11732.jpg,629,384,100,22,729,406
00000000000000001000_11732.jpg,1816,455,94,21,1910,476
00000000000000001000_11732.jpg,2888,1667,194,66,3082,1733
00000000000000001000_16337.jpg,2742,1357,161,52,2903,1409
00000000000000001000_16337.jpg,912,1944,247,74,1159,2018
00000000000000001000_6734.jpg,689,264,96,20,785,284
00000000000000001000_5709.jpg,709,1528,225,64,934,1592
00000000000000001000_5709.jpg,2904,1639,191,66,3095,1705
00000000000000001000_3949.jpg,2386,582,87,26,2473,608
00000000000000001000_3949.jpg,872,1342,196,55,1068,1397
00000000000000001000_3949.jpg,2943,1624,185,60,3128,1684
00000000000000001000_15735.jpg,656,326,102,21,758,347
00000000000000001000_15735.jpg,430,1563,210,59,640,1622
00000000000000001000_11576.jpg,840,52,72,14,912,66
00000000000000001000_11576.jpg,1875,489,95,22,1970,511
00000000000000001000_11576.jpg,3594,1119,128,39,3722,1158
00000000000000001000_11792.jpg,931,118,77,16,1008,134
00000000000000001000_11792.jpg,212,184,86,18,298,202
00000000000000001000_19549.jpg,2535,1425,177,55,2712,1480
00000000000000001000_3079.jpg,383,111,81,17,464,128
00000000000000001000_3079.jpg,159,833,112,38,271,871
00000000000000001000_3079.jpg,2801,1470,178,58,2979,1528
00000000000000001000_11155.jpg,3296,910,220,112,3516,1022
00000000000000001000_11155.jpg,3995,1375,98,46,4093,1421
00000000000000001000_1088.jpg,898,151,74,15,972,166
00000000000000001000_1088.jpg,455,286,95,20,550,306
00000000000000001000_1088.jpg,2947,1697,173,59,3120,1756
00000000000000001000_15561.jpg,3027,1559,182,61,3209,1620
00000000000000001000_19815.jpg,306,199,90,18,396,217
00000000000000001000_19815.jpg,1982,398,94,22,2076,420
00000000000000001000_19815.jpg,312,1342,202,53,514,1395
00000000000000001000_19815.jpg,2158,1401,162,50,2320,1451
00000000000000001000_19815.jpg,3884,1149,121,40,4005,1189
00000000000000001000_1972.jpg,2920,1611,175,62,3095,1673
00000000000000001000_16957.jpg,1802,418,95,19,1897,437
00000000000000001000_16957.jpg,1959,419,76,17,2035,436
00000000000000001000_16957.jpg,2896,883,124,29,3020,912
00000000000000001000_16957.jpg,3077,1626,174,64,3251,1690
00000000000000001000_23587.jpg,2915,988,121,35,3036,1023
00000000000000001000_13565.jpg,2548,1342,174,53,2722,1395
00000000000000001000_11034.jpg,1268,161,79,16,1347,177
00000000000000001000_11034.jpg,2249,595,107,24,2356,619
00000000000000001000_11034.jpg,1497,872,141,37,1638,909
00000000000000001000_17082.jpg,1386,317,92,20,1478,337
00000000000000001000_17082.jpg,3662,1334,137,44,3799,1378
00000000000000001000_17296.jpg,373,154,84,18,457,172
00000000000000001000_17296.jpg,1149,169,81,16,1230,185
00000000000000001000_17296.jpg,3982,1290,113,45,4095,1335
00000000000000001000_22562.jpg,1425,418,80,19,1505,437
00000000000000001000_22562.jpg,1416,834,139,34,1555,868
00000000000000001000_22562.jpg,937,1684,211,54,1148,1738
00000000000000001000_23517.jpg,1174,181,79,17,1253,198
00000000000000001000_23517.jpg,3544,1034,119,36,3663,1070
00000000000000001000_4679.jpg,887,437,109,24,996,461
00000000000000001000_4679.jpg,1894,378,92,21,1986,399
00000000000000001000_4679.jpg,2784,1644,187,61,2971,1705
00000000000000001000_10619.jpg,1601,404,94,21,1695,425
00000000000000001000_13585.jpg,3927,1255,125,42,4052,1297
00000000000000001000_13835.jpg,511,8,55,14,566,22
00000000000000001000_13835.jpg,712,407,107,20,819,427
00000000000000001000_13835.jpg,3005,890,114,30,3119,920
00000000000000001000_13835.jpg,458,1419,213,58,671,1477
00000000000000001000_13835.jpg,3165,1678,188,67,3353,1745
00000000000000001000_10634.jpg,1733,477,97,22,1830,499
00000000000000001000_10634.jpg,1509,877,143,36,1652,913
00000000000000001000_20971.jpg,1605,452,90,21,1695,473
00000000000000001000_20971.jpg,776,1638,232,64,1008,1702
00000000000000001000_20971.jpg,2956,1770,194,70,3150,1840
00000000000000001000_9364.jpg,526,1309,195,54,721,1363
00000000000000001000_9364.jpg,1904,1005,153,43,2057,1048
00000000000000001000_15629.jpg,2601,1373,165,51,2766,1424
00000000000000001000_9939.jpg,3810,1192,122,38,3932,1230
00000000000000001000_17581.jpg,1931,512,102,22,2033,534
00000000000000001000_17581.jpg,2261,1319,166,49,2427,1368
00000000000000001000_18847.jpg,2539,721,129,41,2668,762
00000000000000001000_18847.jpg,2921,1477,172,60,3093,1537
00000000000000001000_7044.jpg,1066,557,119,28,1185,585
00000000000000001000_3014.jpg,691,324,100,22,791,346
00000000000000001000_3014.jpg,3904,1228,132,44,4036,1272
00000000000000001000_3014.jpg,466,1629,225,57,691,1686
00000000000000001000_4499.jpg,1111,198,77,17,1188,215
00000000000000001000_4499.jpg,2719,1531,175,57,2894,1588
00000000000000001000_1772.jpg,130,89,69,18,199,107
00000000000000001000_1772.jpg,1296,226,85,18,1381,244
00000000000000001000_20727.jpg,2123,1278,172,49,2295,1327
00000000000000001000_20727.jpg,3702,1382,141,48,3843,1430
00000000000000001000_24772.jpg,1581,848,138,35,1719,883
00000000000000001000_24772.jpg,770,1579,222,60,992,1639
00000000000000001000_15193.jpg,2695,1462,167,51,2862,1513
00000000000000001000_21775.jpg,1325,276,87,20,1412,296
00000000000000001000_21775.jpg,3900,1186,131,42,4031,1228
00000000000000001000_17611.jpg,968,213,80,18,1048,231
00000000000000001000_17611.jpg,814,430,107,22,921,452
00000000000000001000_17611.jpg,3850,1328,141,45,3991,1373
00000000000000001000_13207.jpg,215,92,66,22,281,114
00000000000000001000_13207.jpg,1292,737,130,32,1422,769
00000000000000001000_13207.jpg,805,1503,225,59,1030,1562
00000000000000001000_13207.jpg,2802,1627,179,64,2981,1691
00000000000000001000_18043.jpg,2216,583,103,24,2319,607
00000000000000001000_18043.jpg,2495,1474,174,58,2669,1532
00000000000000001000_12672.jpg,398,161,89,17,487,178
00000000000000001000_12672.jpg,2747,1839,191,68,2938,1907
00000000000000001000_3094.jpg,432,198,110,24,542,222
00000000000000001000_3094.jpg,1417,280,86,21,1503,301
00000000000000001000_3094.jpg,2716,1719,180,62,2896,1781
00000000000000001000_22928.jpg,1404,329,88,18,1492,347
00000000000000001000_22928.jpg,1151,680,120,28,1271,708
00000000000000001000_12519.jpg,397,174,85,17,482,191
00000000000000001000_12519.jpg,2051,598,106,26,2157,624
00000000000000001000_12519.jpg,2600,1648,188,62,2788,1710
00000000000000001000_7994.jpg,3985,1342,92,42,4077,1384
00000000000000001000_11596.jpg,2415,1341,179,54,2594,1395
00000000000000001000_21955.jpg,1230,248,76,20,1306,268
00000000000000001000_21955.jpg,599,403,105,23,704,426
00000000000000001000_21955.jpg,3769,1194,130,41,3899,1235
00000000000000001000_17666.jpg,1390,236,82,17,1472,253
00000000000000001000_17666.jpg,3812,1316,143,39,3955,1355
00000000000000001000_17666.jpg,784,1689,218,65,1002,1754
00000000000000001000_16853.jpg,672,418,104,22,776,440
00000000000000001000_16853.jpg,3545,1175,137,44,3682,1219
00000000000000001000_4969.jpg,3054,1662,203,63,3257,1725
00000000000000001000_24807.jpg,2895,1578,182,64,3077,1642
00000000000000001000_8784.jpg,2263,1467,208,60,2471,1527
00000000000000001000_10459.jpg,1266,264,90,20,1356,284
00000000000000001000_10459.jpg,488,406,101,22,589,428
00000000000000001000_10459.jpg,2107,1154,168,44,2275,1198
00000000000000001000_2469.jpg,228,115,81,18,309,133
00000000000000001000_2469.jpg,299,1098,184,44,483,1142
00000000000000001000_1.jpg,994,550,121,28,1115,578
00000000000000001000_1.jpg,3321,1023,124,36,3445,1059
00000000000000001000_1.jpg,1414,1493,204,58,1618,1551
00000000000000001000_903.jpg,1219,656,123,28,1342,684
00000000000000001000_903.jpg,2937,1766,194,72,3131,1838
00000000000000001000_13242.jpg,503,242,93,18,596,260
00000000000000001000_13242.jpg,1865,523,112,25,1977,548
00000000000000001000_13242.jpg,486,1139,188,47,674,1186
00000000000000001000_13242.jpg,3910,1494,135,44,4045,1538
00000000000000001000_24822.jpg,1701,484,97,20,1798,504
00000000000000001000_24822.jpg,2724,1846,186,68,2910,1914
00000000000000001000_9394.jpg,887,481,106,24,993,505
00000000000000001000_9394.jpg,2981,1707,174,66,3155,1773
00000000000000001000_15173.jpg,904,115,78,16,982,131
00000000000000001000_15173.jpg,2577,848,113,26,2690,874
00000000000000001000_15173.jpg,2493,1486,183,60,2676,1546
00000000000000001000_13042.jpg,3672,1436,96,45,3768,1481
00000000000000001000_15456.jpg,1299,859,145,31,1444,890
00000000000000001000_15456.jpg,2218,614,107,24,2325,638
00000000000000001000_15456.jpg,521,1230,194,49,715,1279
00000000000000001000_15456.jpg,2837,1799,184,67,3021,1866
00000000000000001000_7684.jpg,939,441,111,24,1050,465
00000000000000001000_7684.jpg,3048,1740,206,71,3254,1811
00000000000000001000_17301.jpg,962,143,80,16,1042,159
00000000000000001000_4814.jpg,1668,371,96,22,1764,393
00000000000000001000_4814.jpg,1143,664,129,31,1272,695
00000000000000001000_4814.jpg,3033,1685,183,65,3216,1750
00000000000000001000_19915.jpg,1180,206,84,19,1264,225
00000000000000001000_19915.jpg,752,451,108,24,860,475
00000000000000001000_19915.jpg,3825,1315,140,39,3965,1354
00000000000000001000_7614.jpg,2372,1385,174,53,2546,1438
00000000000000001000_4894.jpg,2475,1386,163,50,2638,1436
00000000000000001000_24118.jpg,3267,1264,138,41,3405,1305
00000000000000001000_6114.jpg,967,609,123,31,1090,640
00000000000000001000_6114.jpg,2561,1745,185,65,2746,1810
00000000000000001000_9084.jpg,1428,189,87,21,1515,210
00000000000000001000_9084.jpg,3827,1167,132,37,3959,1204
00000000000000001000_2524.jpg,1102,184,80,18,1182,202
00000000000000001000_2524.jpg,1015,498,115,26,1130,524
00000000000000001000_2524.jpg,2925,1545,182,57,3107,1602
00000000000000001000_4899.jpg,2247,1217,152,45,2399,1262
00000000000000001000_10219.jpg,1353,413,68,21,1421,434
00000000000000001000_10219.jpg,747,525,120,26,867,551
00000000000000001000_10219.jpg,949,1831,250,77,1199,1908
00000000000000001000_10219.jpg,3067,1603,190,65,3257,1668
00000000000000001000_15850.jpg,2773,1536,176,58,2949,1594
00000000000000001000_17606.jpg,414,186,90,19,504,205
00000000000000001000_17606.jpg,1242,206,83,19,1325,225
00000000000000001000_17606.jpg,2202,740,112,26,2314,766
00000000000000001000_17606.jpg,986,1178,70,46,1056,1224
00000000000000001000_17606.jpg,2801,1561,182,61,2983,1622
00000000000000001000_13367.jpg,739,360,102,22,841,382
00000000000000001000_13367.jpg,1615,441,95,20,1710,461
00000000000000001000_13367.jpg,668,1358,208,56,876,1414
00000000000000001000_13367.jpg,3921,1313,112,31,4033,1344
00000000000000001000_13367.jpg,2664,1607,169,63,2833,1670
00000000000000001000_16135.jpg,647,1448,211,52,858,1500
00000000000000001000_16135.jpg,3009,1502,174,61,3183,1563
00000000000000001000_1399.jpg,238,117,79,16,317,133
00000000000000001000_1399.jpg,1152,232,77,17,1229,249
00000000000000001000_1399.jpg,1080,538,118,25,1198,563
00000000000000001000_1399.jpg,2981,1535,172,60,3153,1595
00000000000000001000_14734.jpg,2159,529,106,24,2265,553
00000000000000001000_14734.jpg,2468,1279,165,47,2633,1326
00000000000000001000_14734.jpg,739,1676,214,60,953,1736
00000000000000001000_14884.jpg,2736,781,117,29,2853,810
00000000000000001000_14884.jpg,3204,1593,180,65,3384,1658
00000000000000001000_18837.jpg,1538,449,93,21,1631,470
00000000000000001000_18837.jpg,2932,1587,178,65,3110,1652
00000000000000001000_4319.jpg,1906,310,171,21,2077,331
00000000000000001000_4319.jpg,1825,472,103,24,1928,496
00000000000000001000_4319.jpg,2943,1707,184,66,3127,1773
00000000000000001000_23998.jpg,3267,1090,132,39,3399,1129
00000000000000001000_23998.jpg,1034,1617,212,61,1246,1678
00000000000000001000_12852.jpg,153,114,78,17,231,131
00000000000000001000_12852.jpg,883,212,80,16,963,228
00000000000000001000_12852.jpg,890,541,120,24,1010,565
00000000000000001000_12852.jpg,3401,1337,146,37,3547,1374
00000000000000001000_12852.jpg,3113,1755,195,70,3308,1825
00000000000000001000_24422.jpg,1166,170,80,19,1246,189
00000000000000001000_24422.jpg,933,619,116,27,1049,646
00000000000000001000_24422.jpg,3101,1676,184,63,3285,1739
00000000000000001000_17361.jpg,268,98,80,16,348,114
00000000000000001000_17361.jpg,2059,579,104,25,2163,604
00000000000000001000_17361.jpg,3621,1355,132,44,3753,1399
00000000000000001000_17361.jpg,3006,1644,176,65,3182,1709
00000000000000001000_2101.jpg,966,115,73,14,1039,129
00000000000000001000_2101.jpg,678,357,102,21,780,378
00000000000000001000_2101.jpg,3135,1886,187,74,3322,1960
00000000000000001000_9334.jpg,2538,837,116,30,2654,867
00000000000000001000_9334.jpg,439,1377,228,56,667,1433
00000000000000001000_9334.jpg,2780,1751,187,67,2967,1818
00000000000000001000_10894.jpg,905,401,109,24,1014,425
00000000000000001000_10894.jpg,3648,1380,137,43,3785,1423
00000000000000001000_3279.jpg,2005,419,97,22,2102,441
00000000000000001000_3279.jpg,635,1381,217,56,852,1437
00000000000000001000_3279.jpg,2412,1471,167,52,2579,1523
00000000000000001000_20867.jpg,2333,1174,157,48,2490,1222
00000000000000001000_20867.jpg,3960,1264,124,46,4084,1310
00000000000000001000_20867.jpg,1074,1507,216,62,1290,1569
00000000000000001000_24542.jpg,577,393,105,22,682,415
00000000000000001000_24542.jpg,1385,327,85,20,1470,347
00000000000000001000_24542.jpg,2735,926,112,24,2847,950
00000000000000001000_24542.jpg,2932,1674,181,62,3113,1736
00000000000000001000_2489.jpg,1176,558,117,26,1293,584
00000000000000001000_2489.jpg,2619,686,113,24,2732,710
00000000000000001000_2489.jpg,300,1097,184,45,484,1142
00000000000000001000_2489.jpg,2747,1493,194,59,2941,1552
00000000000000001000_7379.jpg,474,225,93,21,567,246
00000000000000001000_7379.jpg,1802,482,101,22,1903,504
00000000000000001000_7379.jpg,1763,905,145,40,1908,945
00000000000000001000_7379.jpg,712,1658,224,61,936,1719
00000000000000001000_22272.jpg,3106,1625,176,63,3282,1688
00000000000000001000_22101.jpg,2788,1480,161,53,2949,1533
00000000000000001000_17032.jpg,2127,535,107,26,2234,561
00000000000000001000_17032.jpg,2781,1480,184,58,2965,1538
00000000000000001000_19203.jpg,307,1175,187,48,494,1223
00000000000000001000_19203.jpg,3889,1267,134,44,4023,1311
00000000000000001000_16102.jpg,644,1373,193,51,837,1424
00000000000000001000_16102.jpg,3591,1116,136,39,3727,1155
00000000000000001000_21111.jpg,3864,1165,127,41,3991,1206
00000000000000001000_13162.jpg,664,306,101,22,765,328
00000000000000001000_13162.jpg,1967,747,144,39,2111,786
00000000000000001000_13162.jpg,2823,857,117,32,2940,889
00000000000000001000_13162.jpg,841,1388,245,59,1086,1447
00000000000000001000_13162.jpg,1862,1074,166,38,2028,1112
00000000000000001000_3444.jpg,3286,914,115,33,3401,947
00000000000000001000_12451.jpg,3538,1346,143,43,3681,1389
00000000000000001000_19519.jpg,980,78,45,14,1025,92
00000000000000001000_19519.jpg,1526,333,88,18,1614,351
00000000000000001000_19519.jpg,1668,905,146,39,1814,944
00000000000000001000_19519.jpg,3823,1207,129,43,3952,1250
00000000000000001000_19519.jpg,433,1495,207,58,640,1553
00000000000000001000_11470.jpg,3127,934,122,32,3249,966
00000000000000001000_24339.jpg,2768,1678,174,62,2942,1740
00000000000000001000_15974.jpg,2177,522,104,22,2281,544
00000000000000001000_15974.jpg,315,1173,197,50,512,1223
00000000000000001000_15974.jpg,3233,1591,165,56,3398,1647
00000000000000001000_16881.jpg,1019,115,75,16,1094,131
00000000000000001000_16881.jpg,3876,1308,135,42,4011,1350
00000000000000001000_23562.jpg,1138,227,78,16,1216,243
00000000000000001000_23562.jpg,2459,695,109,26,2568,721
00000000000000001000_23562.jpg,3008,1715,170,66,3178,1781
00000000000000001000_21591.jpg,2487,1495,177,62,2664,1557
00000000000000001000_9149.jpg,978,564,120,28,1098,592
00000000000000001000_9149.jpg,2069,580,108,25,2177,605
00000000000000001000_9149.jpg,393,1411,205,52,598,1463
00000000000000001000_9149.jpg,2902,1543,176,61,3078,1604
00000000000000001000_10469.jpg,992,191,76,15,1068,206
00000000000000001000_10469.jpg,2739,1720,182,64,2921,1784
00000000000000001000_15163.jpg,1567,363,91,20,1658,383
00000000000000001000_15163.jpg,1110,634,119,28,1229,662
00000000000000001000_15163.jpg,2976,1604,213,64,3189,1668
00000000000000001000_15163.jpg,2639,1642,200,60,2839,1702
00000000000000001000_19900.jpg,3633,1208,128,40,3761,1248
00000000000000001000_19900.jpg,921,1588,226,67,1147,1655
00000000000000001000_23810.jpg,59,138,77,16,136,154
00000000000000001000_23810.jpg,1670,396,94,21,1764,417
00000000000000001000_23810.jpg,3322,1251,134,39,3456,1290
00000000000000001000_23810.jpg,3057,1696,182,69,3239,1765
00000000000000001000_15501.jpg,401,218,81,20,482,238
00000000000000001000_15501.jpg,2248,612,117,25,2365,637
00000000000000001000_15501.jpg,3174,1584,175,62,3349,1646
00000000000000001000_22605.jpg,3945,1341,136,40,4081,1381
00000000000000001000_145.jpg,1151,160,65,16,1216,176
00000000000000001000_145.jpg,1349,701,131,31,1480,732
00000000000000001000_145.jpg,2920,1685,184,67,3104,1752
00000000000000001000_160.jpg,546,42,67,14,613,56
00000000000000001000_20374.jpg,1946,396,92,20,2038,416
00000000000000001000_9564.jpg,1626,393,91,20,1717,413
00000000000000001000_9314.jpg,2754,748,95,27,2849,775
00000000000000001000_9314.jpg,2874,1487,180,55,3054,1542
00000000000000001000_9314.jpg,785,1781,265,69,1050,1850
00000000000000001000_7399.jpg,1156,632,132,29,1288,661
00000000000000001000_7399.jpg,652,1543,60,21,712,1564
00000000000000001000_7399.jpg,711,1658,223,62,934,1720
00000000000000001000_7399.jpg,3306,1691,178,64,3484,1755
00000000000000001000_11039.jpg,1354,286,82,18,1436,304
00000000000000001000_11039.jpg,3758,1179,92,81,3850,1260
00000000000000001000_23474.jpg,2906,1251,148,50,3054,1301
00000000000000001000_21581.jpg,901,186,77,17,978,203
00000000000000001000_21581.jpg,1136,611,125,29,1261,640
00000000000000001000_21581.jpg,3821,1380,134,44,3955,1424
00000000000000001000_23557.jpg,1518,397,88,18,1606,415
00000000000000001000_23557.jpg,3172,964,119,36,3291,1000
00000000000000001000_12902.jpg,1633,540,107,24,1740,564
00000000000000001000_5649.jpg,1356,656,121,27,1477,683
00000000000000001000_5649.jpg,3331,1022,119,35,3450,1057
00000000000000001000_5649.jpg,1075,1710,240,66,1315,1776
00000000000000001000_5649.jpg,2959,1576,183,63,3142,1639
00000000000000001000_18131.jpg,1150,642,123,29,1273,671
00000000000000001000_18131.jpg,795,1644,236,54,1031,1698
00000000000000001000_18131.jpg,1097,1925,69,88,1166,2013
00000000000000001000_4924.jpg,3064,949,123,34,3187,983
00000000000000001000_3969.jpg,1449,280,99,19,1548,299
00000000000000001000_3969.jpg,907,498,117,22,1024,520
00000000000000001000_3969.jpg,872,1342,196,55,1068,1397
00000000000000001000_3969.jpg,2877,1777,185,62,3062,1839
00000000000000001000_3149.jpg,830,1390,220,60,1050,1450
00000000000000001000_3149.jpg,3228,1006,122,35,3350,1041
00000000000000001000_9604.jpg,789,368,104,24,893,392
00000000000000001000_9604.jpg,1702,373,94,22,1796,395
00000000000000001000_9604.jpg,1855,1191,153,44,2008,1235
00000000000000001000_9604.jpg,3906,1356,127,45,4033,1401
00000000000000001000_23135.jpg,2356,1571,180,56,2536,1627
00000000000000001000_12752.jpg,1060,173,77,16,1137,189
00000000000000001000_13377.jpg,769,63,71,14,840,77
00000000000000001000_13377.jpg,470,334,92,20,562,354
00000000000000001000_13377.jpg,1779,427,100,22,1879,449
00000000000000001000_13377.jpg,668,1358,207,56,875,1414
00000000000000001000_13377.jpg,3916,1020,131,111,4047,1131
00000000000000001000_13377.jpg,3328,1834,188,70,3516,1904
00000000000000001000_23459.jpg,778,409,108,24,886,433
00000000000000001000_23459.jpg,2065,566,96,23,2161,589
00000000000000001000_23459.jpg,3263,1774,190,74,3453,1848
00000000000000001000_5334.jpg,3343,1185,128,38,3471,1223
00000000000000001000_5374.jpg,1735,369,92,19,1827,388
00000000000000001000_5374.jpg,3771,1316,137,39,3908,1355
00000000000000001000_2974.jpg,2616,1571,176,50,2792,1621
00000000000000001000_8499.jpg,1872,491,96,21,1968,512
00000000000000001000_16279.jpg,450,191,92,17,542,208
00000000000000001000_16279.jpg,513,1211,198,52,711,1263
00000000000000001000_16279.jpg,3041,1677,189,69,3230,1746
00000000000000001000_14308.jpg,540,374,85,20,625,394
00000000000000001000_14308.jpg,1466,256,87,19,1553,275
00000000000000001000_14308.jpg,3798,1207,130,41,3928,1248
00000000000000001000_3504.jpg,1570,383,95,21,1665,404
00000000000000001000_3504.jpg,1350,673,82,30,1432,703
00000000000000001000_3504.jpg,2845,1728,178,60,3023,1788
00000000000000001000_3999.jpg,3457,1069,124,37,3581,1106
00000000000000001000_16347.jpg,3499,1218,137,43,3636,1261
00000000000000001000_16347.jpg,998,1615,215,62,1213,1677
00000000000000001000_9539.jpg,1178,760,128,31,1306,791
00000000000000001000_9539.jpg,2243,542,105,24,2348,566
00000000000000001000_9539.jpg,2891,1518,186,65,3077,1583
00000000000000001000_20657.jpg,3613,1139,127,42,3740,1181
00000000000000001000_14170.jpg,958,159,79,16,1037,175
00000000000000001000_14170.jpg,2031,523,111,24,2142,547
00000000000000001000_14170.jpg,3289,1768,176,65,3465,1833
00000000000000001000_14974.jpg,1286,293,88,17,1374,310
00000000000000001000_14974.jpg,678,332,102,22,780,354
00000000000000001000_14974.jpg,3729,1188,128,42,3857,1230
00000000000000001000_14974.jpg,3075,1631,196,64,3271,1695
00000000000000001000_19930.jpg,1095,586,120,28,1215,614
00000000000000001000_19930.jpg,3429,1827,175,70,3604,1897
00000000000000001000_11977.jpg,2114,1327,163,48,2277,1375
00000000000000001000_15373.jpg,1563,425,91,20,1654,445
00000000000000001000_15373.jpg,3948,1307,126,45,4074,1352
00000000000000001000_11229.jpg,1114,166,84,18,1198,184
00000000000000001000_11229.jpg,3120,1563,179,60,3299,1623
00000000000000001000_15551.jpg,2780,1439,174,57,2954,1496
00000000000000001000_938.jpg,1211,234,86,20,1297,254
00000000000000001000_938.jpg,595,375,107,24,702,399
00000000000000001000_938.jpg,2658,307,107,25,2765,332
00000000000000001000_938.jpg,2508,584,189,20,2697,604
00000000000000001000_938.jpg,2652,817,115,28,2767,845
00000000000000001000_938.jpg,2608,1751,181,66,2789,1817
00000000000000001000_3669.jpg,3232,1167,127,38,3359,1205
00000000000000001000_20981.jpg,215,129,81,15,296,144
00000000000000001000_20981.jpg,1520,324,91,20,1611,344
00000000000000001000_20981.jpg,1162,826,130,34,1292,860
00000000000000001000_20981.jpg,3904,1340,135,44,4039,1384
00000000000000001000_20981.jpg,776,1638,232,64,1008,1702
00000000000000001000_2814.jpg,2286,1340,184,56,2470,1396
00000000000000001000_2814.jpg,3563,1415,183,52,3746,1467
00000000000000001000_6214.jpg,2701,811,116,32,2817,843
00000000000000001000_6214.jpg,2951,1733,181,61,3132,1794
00000000000000001000_4259.jpg,1092,143,77,17,1169,160
00000000000000001000_4259.jpg,2050,621,105,25,2155,646
00000000000000001000_4259.jpg,3549,1149,125,36,3674,1185
00000000000000001000_4259.jpg,3019,1550,185,63,3204,1613
00000000000000001000_427.jpg,1396,770,139,34,1535,804
00000000000000001000_23479.jpg,3364,1218,127,38,3491,1256
00000000000000001000_8189.jpg,3228,1627,183,70,3411,1697
00000000000000001000_21689.jpg,1020,511,113,24,1133,535
00000000000000001000_21689.jpg,844,1498,201,54,1045,1552
00000000000000001000_21689.jpg,3905,1083,122,41,4027,1124
00000000000000001000_21689.jpg,3229,1552,181,63,3410,1615
00000000000000001000_12388.jpg,436,166,87,20,523,186
00000000000000001000_12388.jpg,1078,609,124,26,1202,635
00000000000000001000_12388.jpg,2486,943,122,32,2608,975
00000000000000001000_12388.jpg,3531,1753,177,69,3708,1822
00000000000000001000_1131.jpg,1010,196,77,17,1087,213
00000000000000001000_1131.jpg,1231,793,132,33,1363,826
00000000000000001000_1131.jpg,2674,1836,197,71,2871,1907
00000000000000001000_4609.jpg,965,474,107,22,1072,496
00000000000000001000_4609.jpg,2928,1713,187,67,3115,1780
00000000000000001000_7389.jpg,1861,388,93,22,1954,410
00000000000000001000_7389.jpg,712,1658,224,62,936,1720
00000000000000001000_7389.jpg,3025,1575,177,60,3202,1635
00000000000000001000_23800.jpg,2537,650,108,26,2645,676
00000000000000001000_16224.jpg,629,327,101,22,730,349
00000000000000001000_16224.jpg,2038,504,101,23,2139,527
00000000000000001000_16224.jpg,2795,1494,173,57,2968,1551
00000000000000001000_18960.jpg,477,368,98,20,575,388
00000000000000001000_18960.jpg,2306,770,82,27,2388,797
00000000000000001000_18960.jpg,2866,1509,179,62,3045,1571
00000000000000001000_14398.jpg,1091,200,82,18,1173,218
00000000000000001000_14398.jpg,1959,480,103,22,2062,502
00000000000000001000_14398.jpg,3813,1324,138,47,3951,1371
00000000000000001000_14949.jpg,3740,1462,137,48,3877,1510
00000000000000001000_14949.jpg,966,1572,203,61,1169,1633
00000000000000001000_22572.jpg,3906,1260,129,44,4035,1304
00000000000000001000_22572.jpg,938,1686,209,52,1147,1738
00000000000000001000_19534.jpg,2888,1771,186,63,3074,1834
00000000000000001000_2176.jpg,368,191,95,20,463,211
00000000000000001000_2176.jpg,2948,1627,194,68,3142,1695
00000000000000001000_18434.jpg,816,438,94,24,910,462
00000000000000001000_18434.jpg,3841,1219,131,40,3972,1259
00000000000000001000_13092.jpg,1925,569,106,22,2031,591
00000000000000001000_13092.jpg,3057,1604,171,59,3228,1663
00000000000000001000_11244.jpg,1768,457,100,23,1868,480
00000000000000001000_3514.jpg,1081,113,78,19,1159,132
00000000000000001000_3514.jpg,3606,1067,91,32,3697,1099
00000000000000001000_22277.jpg,1375,706,127,31,1502,737
00000000000000001000_22277.jpg,3126,416,144,67,3270,483
00000000000000001000_8559.jpg,1419,355,88,21,1507,376
00000000000000001000_8559.jpg,2845,842,112,30,2957,872
00000000000000001000_8559.jpg,2883,1888,192,64,3075,1952
00000000000000001000_17636.jpg,3597,1054,127,36,3724,1090
00000000000000001000_17636.jpg,844,1592,227,64,1071,1656
00000000000000001000_12697.jpg,550,264,97,19,647,283
00000000000000001000_12697.jpg,3737,1365,142,46,3879,1411
00000000000000001000_6679.jpg,588,319,98,21,686,340
00000000000000001000_6679.jpg,2108,687,115,26,2223,713
00000000000000001000_6679.jpg,2460,1422,175,57,2635,1479
00000000000000001000_1962.jpg,1057,142,77,16,1134,158
00000000000000001000_1962.jpg,331,151,82,18,413,169
00000000000000001000_1962.jpg,2813,1526,183,60,2996,1586
00000000000000001000_10214.jpg,2399,886,119,30,2518,916
00000000000000001000_10214.jpg,948,1828,252,77,1200,1905
00000000000000001000_10214.jpg,2519,1578,191,64,2710,1642
00000000000000001000_5634.jpg,1590,325,95,20,1685,345
00000000000000001000_5634.jpg,723,1433,219,59,942,1492
00000000000000001000_5634.jpg,3896,1143,124,42,4020,1185
00000000000000001000_6384.jpg,518,930,173,43,691,973
00000000000000001000_6384.jpg,3516,1158,130,37,3646,1195
00000000000000001000_20797.jpg,1411,351,85,19,1496,370
00000000000000001000_20797.jpg,3797,1346,133,45,3930,1391
00000000000000001000_23978.jpg,724,42,66,14,790,56
00000000000000001000_23978.jpg,2048,1271,167,48,2215,1319
00000000000000001000_20687.jpg,1606,374,94,21,1700,395
00000000000000001000_20687.jpg,2516,1608,193,68,2709,1676
00000000000000001000_7709.jpg,3829,1229,126,42,3955,1271
00000000000000001000_21845.jpg,1496,309,89,20,1585,329
00000000000000001000_21845.jpg,3258,1000,136,34,3394,1034
00000000000000001000_21845.jpg,3087,1752,175,69,3262,1821
00000000000000001000_13680.jpg,960,81,73,16,1033,97
00000000000000001000_13680.jpg,2888,1844,202,74,3090,1918
00000000000000001000_21230.jpg,764,1404,206,55,970,1459
00000000000000001000_9264.jpg,2272,616,108,27,2380,643
00000000000000001000_9264.jpg,3284,1780,185,70,3469,1850
00000000000000001000_17175.jpg,2855,1267,157,51,3012,1318
00000000000000001000_21406.jpg,2995,1783,188,64,3183,1847
00000000000000001000_11165.jpg,1481,1540,205,55,1686,1595
00000000000000001000_11553.jpg,3435,1939,182,77,3617,2016
00000000000000001000_6604.jpg,2290,697,109,22,2399,719
00000000000000001000_15915.jpg,1376,324,85,18,1461,342
00000000000000001000_15915.jpg,3794,1433,131,40,3925,1473
00000000000000001000_15915.jpg,1080,1892,226,68,1306,1960
00000000000000001000_8289.jpg,2573,1487,179,51,2752,1538
00000000000000001000_16753.jpg,1493,300,89,19,1582,319
00000000000000001000_16753.jpg,2980,1829,180,66,3160,1895
00000000000000001000_18394.jpg,1052,151,78,15,1130,166
00000000000000001000_18394.jpg,443,248,94,19,537,267
00000000000000001000_18394.jpg,2833,1672,182,66,3015,1738
00000000000000001000_10074.jpg,534,1655,237,67,771,1722
00000000000000001000_635.jpg,1055,141,74,15,1129,156
00000000000000001000_3894.jpg,1541,344,89,18,1630,362
00000000000000001000_3894.jpg,3420,1938,175,68,3595,2006
00000000000000001000_7579.jpg,1961,659,112,15,2073,674
00000000000000001000_7579.jpg,1634,918,149,37,1783,955
00000000000000001000_7579.jpg,2820,779,114,27,2934,806
00000000000000001000_24532.jpg,981,137,77,16,1058,153
00000000000000001000_24532.jpg,2727,701,106,28,2833,729
00000000000000001000_22537.jpg,3244,1551,167,60,3411,1611
00000000000000001000_1083.jpg,472,331,96,21,568,352
00000000000000001000_1083.jpg,2023,622,104,27,2127,649
00000000000000001000_1083.jpg,2751,1620,179,62,2930,1682
00000000000000001000_11310.jpg,259,137,82,17,341,154
00000000000000001000_11310.jpg,2026,537,119,29,2145,566
00000000000000001000_11310.jpg,3276,1843,186,71,3462,1914
00000000000000001000_15599.jpg,1375,298,83,18,1458,316
00000000000000001000_15599.jpg,1463,933,136,33,1599,966
00000000000000001000_18557.jpg,874,549,110,24,984,573
00000000000000001000_20667.jpg,3358,1262,130,43,3488,1305
00000000000000001000_5639.jpg,725,1435,219,56,944,1491
00000000000000001000_5639.jpg,2496,1344,157,46,2653,1390
00000000000000001000_16183.jpg,1001,205,78,16,1079,221
00000000000000001000_22780.jpg,1335,1510,206,58,1541,1568
00000000000000001000_9904.jpg,1476,263,89,20,1565,283
00000000000000001000_9904.jpg,2403,1329,175,53,2578,1382
00000000000000001000_4764.jpg,633,1103,175,45,808,1148
00000000000000001000_4764.jpg,2180,1327,161,48,2341,1375
00000000000000001000_13177.jpg,841,1390,244,49,1085,1439
00000000000000001000_600.jpg,1100,170,79,19,1179,189
00000000000000001000_600.jpg,838,437,111,25,949,462
00000000000000001000_600.jpg,3757,1135,128,38,3885,1173
00000000000000001000_18542.jpg,3835,1238,125,45,3960,1283
00000000000000001000_18915.jpg,1782,439,89,21,1871,460
00000000000000001000_18915.jpg,3348,1083,124,32,3472,1115
00000000000000001000_2136.jpg,913,573,109,26,1022,599
00000000000000001000_2136.jpg,2533,1609,188,62,2721,1671
00000000000000001000_6104.jpg,2814,1643,186,65,3000,1708
00000000000000001000_2349.jpg,1008,62,71,15,1079,77
00000000000000001000_2349.jpg,1242,613,127,31,1369,644
00000000000000001000_2349.jpg,3654,1292,131,40,3785,1332
00000000000000001000_2349.jpg,3174,1636,125,60,3299,1696
00000000000000001000_12428.jpg,3427,1258,126,40,3553,1298
00000000000000001000_14338.jpg,805,448,111,24,916,472
00000000000000001000_14338.jpg,1710,441,90,21,1800,462
00000000000000001000_14338.jpg,3967,1609,126,53,4093,1662
00000000000000001000_16052.jpg,3469,1280,136,48,3605,1328
00000000000000001000_16052.jpg,3256,1777,182,70,3438,1847
00000000000000001000_15188.jpg,3714,1258,139,43,3853,1301
00000000000000001000_6199.jpg,1669,403,91,22,1760,425
00000000000000001000_6199.jpg,654,1410,205,55,859,1465
00000000000000001000_23062.jpg,1151,195,108,44,1259,239
00000000000000001000_23062.jpg,3679,1217,127,38,3806,1255
00000000000000001000_23062.jpg,2941,1831,185,65,3126,1896
00000000000000001000_1862.jpg,195,151,65,16,260,167
00000000000000001000_1862.jpg,1686,505,100,22,1786,527
00000000000000001000_1862.jpg,1333,689,129,30,1462,719
00000000000000001000_1862.jpg,2886,1690,179,63,3065,1753
00000000000000001000_22872.jpg,1198,141,77,17,1275,158
00000000000000001000_22872.jpg,2906,726,107,29,3013,755
00000000000000001000_22872.jpg,3005,1566,187,62,3192,1628
00000000000000001000_21456.jpg,1655,384,95,20,1750,404
00000000000000001000_23850.jpg,1235,272,79,17,1314,289
00000000000000001000_23850.jpg,3628,1066,121,38,3749,1104
00000000000000001000_11922.jpg,33,34,72,15,105,49
00000000000000001000_11922.jpg,1842,563,78,23,1920,586
00000000000000001000_11922.jpg,3072,1613,183,67,3255,1680
00000000000000001000_1161.jpg,2553,1333,162,49,2715,1382
00000000000000001000_1161.jpg,492,1502,206,60,698,1562
00000000000000001000_2884.jpg,2806,1501,158,57,2964,1558
00000000000000001000_4604.jpg,897,433,102,21,999,454
00000000000000001000_4604.jpg,3619,1084,128,33,3747,1117
00000000000000001000_4604.jpg,2630,1553,183,64,2813,1617
00000000000000001000_18209.jpg,102,166,81,16,183,182
00000000000000001000_18209.jpg,2276,661,111,26,2387,687
00000000000000001000_18209.jpg,2962,1799,195,64,3157,1863
00000000000000001000_10994.jpg,1135,224,82,17,1217,241
00000000000000001000_10994.jpg,3864,1408,126,47,3990,1455
00000000000000001000_14909.jpg,667,402,101,20,768,422
00000000000000001000_14909.jpg,3874,1482,120,48,3994,1530
00000000000000001000_14909.jpg,3163,1649,188,68,3351,1717
00000000000000001000_1907.jpg,850,525,109,23,959,548
00000000000000001000_1907.jpg,2766,1663,187,66,2953,1729
00000000000000001000_2829.jpg,2224,1284,168,50,2392,1334
00000000000000001000_20976.jpg,745,447,109,24,854,471
00000000000000001000_20976.jpg,2301,625,107,24,2408,649
00000000000000001000_20976.jpg,777,1638,230,64,1007,1702
00000000000000001000_20976.jpg,2739,1724,178,67,2917,1791
00000000000000001000_11436.jpg,2979,1649,183,64,3162,1713
00000000000000001000_2083.jpg,2568,1333,168,53,2736,1386
00000000000000001000_12642.jpg,253,1404,209,54,462,1458
00000000000000001000_12642.jpg,3983,1163,104,41,4087,1204
00000000000000001000_11464.jpg,2437,609,104,26,2541,635
00000000000000001000_18652.jpg,1127,68,71,19,1198,87
00000000000000001000_18652.jpg,1257,283,96,20,1353,303
00000000000000001000_18652.jpg,471,1333,193,46,664,1379
00000000000000001000_10394.jpg,1885,482,99,23,1984,505
00000000000000001000_10394.jpg,1397,740,132,31,1529,771
00000000000000001000_10394.jpg,3605,1263,140,37,3745,1300
00000000000000001000_24547.jpg,3692,1087,125,38,3817,1125
00000000000000001000_21694.jpg,617,214,93,18,710,232
00000000000000001000_21694.jpg,1353,188,83,17,1436,205
00000000000000001000_21694.jpg,2974,817,269,61,3243,878
00000000000000001000_21694.jpg,3353,978,125,37,3478,1015
00000000000000001000_21694.jpg,3051,985,163,32,3214,1017
00000000000000001000_21694.jpg,845,1497,199,55,1044,1552
00000000000000001000_21694.jpg,2741,1000,123,28,2864,1028
00000000000000001000_21694.jpg,2738,1398,170,52,2908,1450
00000000000000001000_4449.jpg,1567,367,92,18,1659,385
00000000000000001000_4449.jpg,1275,659,125,30,1400,689
00000000000000001000_4449.jpg,2708,777,118,29,2826,806
00000000000000001000_4449.jpg,3689,1434,136,58,3825,1492
00000000000000001000_9584.jpg,1226,363,90,20,1316,383
00000000000000001000_9584.jpg,3509,749,172,45,3681,794
00000000000000001000_9584.jpg,3477,1076,134,39,3611,1115
00000000000000001000_9584.jpg,3082,1694,182,66,3264,1760
00000000000000001000_8804.jpg,3309,1091,129,37,3438,1128
00000000000000001000_8804.jpg,2813,1622,181,64,2994,1686
00000000000000001000_2319.jpg,823,119,78,18,901,137
00000000000000001000_2319.jpg,2169,623,117,27,2286,650
00000000000000001000_2319.jpg,2258,1490,173,51,2431,1541
00000000000000001000_19406.jpg,1027,119,70,15,1097,134
00000000000000001000_19406.jpg,1920,412,96,23,2016,435
00000000000000001000_19406.jpg,1937,1120,155,44,2092,1164
00000000000000001000_923.jpg,119,33,74,16,193,49
00000000000000001000_923.jpg,926,504,120,26,1046,530
00000000000000001000_923.jpg,2128,521,104,24,2232,545
00000000000000001000_923.jpg,2382,1678,185,65,2567,1743
00000000000000001000_19760.jpg,1655,1649,225,61,1880,1710
00000000000000001000_605.jpg,2020,456,101,20,2121,476
00000000000000001000_605.jpg,2656,1323,161,50,2817,1373
00000000000000001000_7934.jpg,1035,632,88,27,1123,659
00000000000000001000_7934.jpg,2218,689,119,26,2337,715
00000000000000001000_7934.jpg,2973,1744,191,64,3164,1808
00000000000000001000_14513.jpg,1061,150,85,20,1146,170
00000000000000001000_14513.jpg,2413,1425,183,56,2596,1481
00000000000000001000_22710.jpg,1764,402,98,20,1862,422
00000000000000001000_22710.jpg,703,1338,209,54,912,1392
00000000000000001000_22710.jpg,3966,1422,129,47,4095,1469
00000000000000001000_5929.jpg,791,465,106,23,897,488
00000000000000001000_5929.jpg,1361,241,85,18,1446,259
00000000000000001000_5929.jpg,3324,1136,126,37,3450,1173
00000000000000001000_5929.jpg,3311,1656,179,65,3490,1721
00000000000000001000_14210.jpg,1042,1666,240,67,1282,1733
00000000000000001000_14210.jpg,3121,1721,186,70,3307,1791
00000000000000001000_12897.jpg,3517,1383,147,43,3664,1426
00000000000000001000_8599.jpg,2531,405,231,125,2762,530
00000000000000001000_8599.jpg,2954,1768,187,59,3141,1827
00000000000000001000_20562.jpg,670,231,56,17,726,248
00000000000000001000_20562.jpg,690,469,109,24,799,493
00000000000000001000_20562.jpg,3912,1274,125,44,4037,1318
00000000000000001000_20562.jpg,1065,1786,244,76,1309,1862
00000000000000001000_2111.jpg,273,216,86,19,359,235
00000000000000001000_2111.jpg,1783,477,100,22,1883,499
00000000000000001000_2111.jpg,2493,1508,177,57,2670,1565
00000000000000001000_17411.jpg,3669,1397,137,46,3806,1443
00000000000000001000_1359.jpg,590,399,97,22,687,421
00000000000000001000_1359.jpg,1362,280,80,18,1442,298
00000000000000001000_1359.jpg,1342,779,136,33,1478,812
00000000000000001000_1359.jpg,3933,1254,126,45,4059,1299
00000000000000001000_1171.jpg,1786,371,92,21,1878,392
00000000000000001000_1171.jpg,2818,1289,166,50,2984,1339
00000000000000001000_1171.jpg,494,1502,204,61,698,1563
00000000000000001000_21501.jpg,2527,779,107,28,2634,807
00000000000000001000_21225.jpg,1276,250,83,18,1359,268
00000000000000001000_21225.jpg,764,1402,207,56,971,1458
00000000000000001000_21225.jpg,3825,1206,127,42,3952,1248
00000000000000001000_15318.jpg,1461,342,97,21,1558,363
00000000000000001000_15318.jpg,2692,1440,183,56,2875,1496
00000000000000001000_462.jpg,1989,1025,139,38,2128,1063
00000000000000001000_5124.jpg,547,314,93,18,640,332
00000000000000001000_5124.jpg,3443,1733,79,40,3522,1773
00000000000000001000_23890.jpg,1059,514,114,25,1173,539
00000000000000001000_23890.jpg,3084,1611,165,57,3249,1668
00000000000000001000_20422.jpg,3824,1314,137,47,3961,1361
00000000000000001000_20422.jpg,906,1542,210,60,1116,1602
00000000000000001000_16997.jpg,2525,1539,169,56,2694,1595
00000000000000001000_22838.jpg,2949,1619,170,56,3119,1675
00000000000000001000_20266.jpg,353,135,82,18,435,153
00000000000000001000_20266.jpg,436,1397,197,52,633,1449
00000000000000001000_20266.jpg,3382,1579,169,63,3551,1642
00000000000000001000_650.jpg,2645,718,112,27,2757,745
00000000000000001000_650.jpg,2256,1348,178,54,2434,1402
00000000000000001000_14518.jpg,3810,1233,138,41,3948,1274
00000000000000001000_17115.jpg,1652,324,91,21,1743,345
00000000000000001000_875.jpg,2344,684,113,27,2457,711
00000000000000001000_875.jpg,2350,1646,180,58,2530,1704
00000000000000001000_4334.jpg,713,368,106,22,819,390
00000000000000001000_4334.jpg,1585,361,107,18,1692,379
00000000000000001000_3174.jpg,3228,901,129,32,3357,933
00000000000000001000_3174.jpg,2536,1580,205,58,2741,1638
00000000000000001000_86.jpg,1431,215,81,18,1512,233
00000000000000001000_86.jpg,1043,513,100,25,1143,538
00000000000000001000_86.jpg,2213,1156,108,41,2321,1197
00000000000000001000_11912.jpg,830,499,119,24,949,523
00000000000000001000_11912.jpg,2646,1672,176,60,2822,1732
00000000000000001000_510.jpg,2963,1167,139,37,3102,1204
00000000000000001000_22035.jpg,1552,292,89,20,1641,312
00000000000000001000_22035.jpg,3994,1559,98,43,4092,1602
00000000000000001000_19288.jpg,3702,1368,129,43,3831,1411
00000000000000001000_24652.jpg,3465,1175,143,37,3608,1212
00000000000000001000_13417.jpg,1259,642,127,29,1386,671
00000000000000001000_13417.jpg,2103,621,101,24,2204,645
00000000000000001000_13417.jpg,3897,1277,133,44,4030,1321
00000000000000001000_13417.jpg,3035,1554,172,62,3207,1616
00000000000000001000_1432.jpg,318,135,87,18,405,153
00000000000000001000_1432.jpg,2509,1299,162,48,2671,1347
00000000000000001000_7749.jpg,416,286,61,19,477,305
00000000000000001000_7749.jpg,1439,447,80,24,1519,471
00000000000000001000_19069.jpg,244,128,82,17,326,145
00000000000000001000_19069.jpg,354,549,144,31,498,580
00000000000000001000_19069.jpg,1442,841,68,15,1510,856
00000000000000001000_19069.jpg,1482,916,145,36,1627,952
00000000000000001000_19069.jpg,410,1389,201,49,611,1438
00000000000000001000_17401.jpg,3941,1183,125,43,4066,1226
00000000000000001000_18895.jpg,1613,330,88,21,1701,351
00000000000000001000_18895.jpg,1916,1082,150,44,2066,1126
00000000000000001000_18895.jpg,3825,1283,123,41,3948,1324
00000000000000001000_7754.jpg,3521,1146,131,40,3652,1186
00000000000000001000_8174.jpg,3275,1259,147,44,3422,1303
00000000000000001000_20291.jpg,1585,317,86,19,1671,336
00000000000000001000_13815.jpg,1060,153,79,16,1139,169
00000000000000001000_13815.jpg,903,471,116,22,1019,493
00000000000000001000_13815.jpg,457,1420,214,56,671,1476
00000000000000001000_13815.jpg,3989,1281,96,43,4085,1324
00000000000000001000_5454.jpg,340,873,167,43,507,916
00000000000000001000_14423.jpg,2812,1610,182,65,2994,1675
00000000000000001000_14809.jpg,623,300,94,21,717,321
00000000000000001000_14809.jpg,2980,1616,197,63,3177,1679
00000000000000001000_1379.jpg,3393,1658,175,62,3568,1720
00000000000000001000_9669.jpg,1451,351,88,19,1539,370
00000000000000001000_9669.jpg,2200,413,84,25,2284,438
00000000000000001000_9669.jpg,3966,1228,130,41,4096,1269
00000000000000001000_22854.jpg,3387,1164,129,36,3516,1200
00000000000000001000_22854.jpg,3028,1502,178,63,3206,1565
00000000000000001000_2022.jpg,3122,1922,191,74,3313,1996
00000000000000001000_23173.jpg,1148,282,83,17,1231,299
00000000000000001000_23173.jpg,3872,1198,129,44,4001,1242
00000000000000001000_12373.jpg,798,130,55,18,853,148
00000000000000001000_12373.jpg,605,400,102,22,707,422
00000000000000001000_8204.jpg,1140,203,77,17,1217,220
00000000000000001000_8204.jpg,3969,1256,132,44,4101,1300
00000000000000001000_13457.jpg,2612,1132,164,34,2776,1166
00000000000000001000_13457.jpg,2632,1617,186,54,2818,1671
00000000000000001000_6069.jpg,636,311,97,26,733,337
00000000000000001000_6069.jpg,1703,340,94,22,1797,362
00000000000000001000_6069.jpg,789,1122,186,49,975,1171
00000000000000001000_6069.jpg,3791,1141,127,38,3918,1179
00000000000000001000_6069.jpg,2724,1583,200,59,2924,1642
00000000000000001000_19018.jpg,619,429,106,22,725,451
00000000000000001000_19018.jpg,1717,487,72,22,1789,509
00000000000000001000_19018.jpg,2372,1440,175,56,2547,1496
00000000000000001000_19018.jpg,669,1784,226,66,895,1850
00000000000000001000_4134.jpg,1719,464,66,23,1785,487
00000000000000001000_4134.jpg,2770,1547,188,63,2958,1610
00000000000000001000_16087.jpg,3708,1212,137,44,3845,1256
00000000000000001000_18637.jpg,868,446,106,23,974,469
00000000000000001000_18637.jpg,2538,563,105,26,2643,589
00000000000000001000_18637.jpg,587,1467,204,54,791,1521
00000000000000001000_18637.jpg,2858,1646,189,62,3047,1708
00000000000000001000_3994.jpg,2848,1574,177,61,3025,1635
00000000000000001000_14804.jpg,2541,1429,170,55,2711,1484
00000000000000001000_14804.jpg,3558,1119,123,38,3681,1157
00000000000000001000_17849.jpg,2430,773,113,25,2543,798
00000000000000001000_17849.jpg,2441,1353,175,52,2616,1405
00000000000000001000_13910.jpg,1653,354,91,20,1744,374
00000000000000001000_13910.jpg,3126,1530,186,61,3312,1591
00000000000000001000_24241.jpg,1506,1551,210,54,1716,1605
00000000000000001000_19048.jpg,670,1785,224,64,894,1849
00000000000000001000_19048.jpg,3082,1624,172,61,3254,1685
00000000000000001000_10029.jpg,557,1327,201,55,758,1382
00000000000000001000_16229.jpg,2756,1522,178,58,2934,1580
00000000000000001000_4739.jpg,890,55,69,19,959,74
00000000000000001000_4739.jpg,786,413,105,20,891,433
00000000000000001000_4739.jpg,742,1211,186,48,928,1259
00000000000000001000_1146.jpg,2708,649,108,24,2816,673
00000000000000001000_17516.jpg,3528,1100,130,39,3658,1139
00000000000000001000_12702.jpg,3979,1343,113,45,4092,1388
00000000000000001000_2166.jpg,819,79,48,15,867,94
00000000000000001000_2166.jpg,392,248,80,19,472,267
00000000000000001000_2166.jpg,1215,694,128,30,1343,724
00000000000000001000_2166.jpg,3072,1689,182,69,3254,1758
00000000000000001000_9164.jpg,1254,852,152,37,1406,889
00000000000000001000_9164.jpg,2136,735,112,25,2248,760
00000000000000001000_9164.jpg,393,1412,204,51,597,1463
00000000000000001000_4584.jpg,1597,922,147,38,1744,960
00000000000000001000_8074.jpg,2848,1555,169,58,3017,1613
00000000000000001000_8039.jpg,2151,517,113,28,2264,545
00000000000000001000_8039.jpg,2711,1372,178,58,2889,1430
00000000000000001000_690.jpg,2148,1265,153,45,2301,1310
00000000000000001000_690.jpg,897,1551,223,62,1120,1613
00000000000000001000_15283.jpg,1695,385,96,22,1791,407
00000000000000001000_15283.jpg,3832,1192,130,43,3962,1235
00000000000000001000_10979.jpg,919,171,75,16,994,187
00000000000000001000_10979.jpg,3622,1104,127,40,3749,1144
00000000000000001000_10979.jpg,2606,1716,198,60,2804,1776
00000000000000001000_17779.jpg,357,209,83,18,440,227
00000000000000001000_17779.jpg,2009,444,96,22,2105,466
00000000000000001000_17779.jpg,1842,1084,151,40,1993,1124
00000000000000001000_19238.jpg,776,37,68,15,844,52
00000000000000001000_19238.jpg,61,56,73,16,134,72
00000000000000001000_19238.jpg,1285,882,136,35,1421,917
00000000000000001000_19238.jpg,3944,1428,146,42,4090,1470
00000000000000001000_5284.jpg,620,1234,193,52,813,1286
00000000000000001000_5284.jpg,3124,1382,147,47,3271,1429
00000000000000001000_8999.jpg,1115,108,45,16,1160,124
00000000000000001000_8999.jpg,1778,1070,154,40,1932,1110
00000000000000001000_14616.jpg,810,170,78,16,888,186
00000000000000001000_14616.jpg,1952,461,99,23,2051,484
00000000000000001000_20056.jpg,2657,1353,168,53,2825,1406
00000000000000001000_1587.jpg,190,1206,190,47,380,1253
00000000000000001000_1587.jpg,3394,1668,141,58,3535,1726
00000000000000001000_317.jpg,1086,1392,199,58,1285,1450
00000000000000001000_317.jpg,3067,1049,125,33,3192,1082
00000000000000001000_17481.jpg,568,314,99,21,667,335
00000000000000001000_17481.jpg,3024,1098,129,32,3153,1130
00000000000000001000_17481.jpg,3090,1673,186,69,3276,1742
00000000000000001000_17616.jpg,1453,359,98,22,1551,381
00000000000000001000_17616.jpg,2714,1524,182,58,2896,1582
00000000000000001000_11386.jpg,3523,1158,126,40,3649,1198
00000000000000001000_11386.jpg,3378,1851,187,73,3565,1924
00000000000000001000_407.jpg,2484,666,114,26,2598,692
00000000000000001000_2844.jpg,1124,594,121,27,1245,621
00000000000000001000_2844.jpg,3235,1666,178,68,3413,1734
00000000000000001000_16657.jpg,1453,278,86,20,1539,298
00000000000000001000_16657.jpg,951,525,118,27,1069,552
00000000000000001000_16657.jpg,3251,1123,123,36,3374,1159
00000000000000001000_16657.jpg,3378,1797,183,71,3561,1868
00000000000000001000_20627.jpg,3734,1114,134,39,3868,1153
00000000000000001000_21066.jpg,408,158,89,18,497,176
00000000000000001000_21066.jpg,1400,174,77,16,1477,190
00000000000000001000_21066.jpg,2857,1545,130,103,2987,1648
00000000000000001000_8534.jpg,1378,886,138,34,1516,920
00000000000000001000_8534.jpg,3864,1264,125,39,3989,1303
00000000000000001000_19094.jpg,411,1387,202,51,613,1438
00000000000000001000_24058.jpg,455,241,97,21,552,262
00000000000000001000_24058.jpg,1178,779,128,32,1306,811
00000000000000001000_24058.jpg,2191,607,104,24,2295,631
00000000000000001000_3304.jpg,1891,541,104,23,1995,564
00000000000000001000_3304.jpg,429,1297,204,54,633,1351
00000000000000001000_3304.jpg,3595,1136,134,41,3729,1177
00000000000000001000_11927.jpg,1048,544,120,28,1168,572
00000000000000001000_11927.jpg,2905,811,114,29,3019,840
00000000000000001000_11927.jpg,2960,1788,190,65,3150,1853
00000000000000001000_22968.jpg,3920,1442,134,47,4054,1489
00000000000000001000_15323.jpg,418,207,93,20,511,227
00000000000000001000_15323.jpg,3081,1765,184,66,3265,1831
00000000000000001000_1982.jpg,2943,1663,178,61,3121,1724
00000000000000001000_13112.jpg,2926,1523,181,64,3107,1587
00000000000000001000_2824.jpg,3121,1233,144,47,3265,1280
00000000000000001000_16828.jpg,2168,676,105,24,2273,700
00000000000000001000_6129.jpg,1077,1739,214,60,1291,1799
00000000000000001000_17977.jpg,763,141,76,17,839,158
00000000000000001000_17977.jpg,1616,411,90,19,1706,430
00000000000000001000_17977.jpg,3908,1378,136,48,4044,1426
00000000000000001000_8099.jpg,1159,1642,222,61,1381,1703
00000000000000001000_12587.jpg,2564,1510,173,57,2737,1567
00000000000000001000_7384.jpg,1127,185,83,20,1210,205
00000000000000001000_7384.jpg,3822,1158,122,37,3944,1195
00000000000000001000_7384.jpg,712,1658,223,62,935,1720
00000000000000001000_23512.jpg,638,303,100,21,738,324
00000000000000001000_23512.jpg,2677,760,110,28,2787,788
00000000000000001000_14120.jpg,566,1436,194,54,760,1490
00000000000000001000_14120.jpg,2632,1271,159,50,2791,1321
00000000000000001000_11350.jpg,2666,1489,175,54,2841,1543
00000000000000001000_8044.jpg,1689,351,93,22,1782,373
00000000000000001000_8044.jpg,3843,1325,136,46,3979,1371
00000000000000001000_6044.jpg,3852,1312,131,40,3983,1352
00000000000000001000_6044.jpg,3195,1691,178,62,3373,1753
00000000000000001000_8644.jpg,1228,131,77,20,1305,151
00000000000000001000_8644.jpg,553,171,88,18,641,189
00000000000000001000_8644.jpg,3700,514,96,27,3796,541
00000000000000001000_8644.jpg,2701,717,88,45,2789,762
00000000000000001000_8644.jpg,3465,1160,86,36,3551,1196
00000000000000001000_8644.jpg,3406,1709,137,55,3543,1764
00000000000000001000_11120.jpg,3008,1129,132,36,3140,1165
00000000000000001000_11120.jpg,3026,1759,186,67,3212,1826
00000000000000001000_18875.jpg,1178,243,79,16,1257,259
00000000000000001000_18875.jpg,456,305,92,18,548,323
00000000000000001000_18875.jpg,2554,1666,187,64,2741,1730
00000000000000001000_9529.jpg,2578,1442,135,49,2713,1491
00000000000000001000_19622.jpg,1126,189,80,16,1206,205
00000000000000001000_19622.jpg,2438,666,107,25,2545,691
00000000000000001000_19622.jpg,2899,1620,183,61,3082,1681
00000000000000001000_14954.jpg,2582,1289,165,48,2747,1337
00000000000000001000_14954.jpg,965,1573,205,59,1170,1632
00000000000000001000_9344.jpg,2046,466,99,22,2145,488
00000000000000001000_9344.jpg,1163,566,118,28,1281,594
00000000000000001000_9344.jpg,526,1309,196,54,722,1363
00000000000000001000_9344.jpg,3076,1520,184,62,3260,1582
00000000000000001000_22685.jpg,1061,527,116,26,1177,553
00000000000000001000_22685.jpg,704,1337,207,54,911,1391
00000000000000001000_22685.jpg,3838,1284,120,43,3958,1327
00000000000000001000_5094.jpg,1044,125,79,18,1123,143
00000000000000001000_5094.jpg,1844,503,104,24,1948,527
00000000000000001000_5094.jpg,2712,1558,189,65,2901,1623
00000000000000001000_17914.jpg,1662,247,88,20,1750,267
00000000000000001000_17914.jpg,604,1328,201,52,805,1380
00000000000000001000_17914.jpg,3772,1261,134,40,3906,1301
00000000000000001000_17914.jpg,2907,1455,176,60,3083,1515
00000000000000001000_19421.jpg,947,488,103,22,1050,510
00000000000000001000_19421.jpg,1609,312,87,18,1696,330
00000000000000001000_19421.jpg,2939,1726,176,64,3115,1790
00000000000000001000_6989.jpg,3878,1398,155,37,4033,1435
00000000000000001000_23592.jpg,2991,954,124,34,3115,988
00000000000000001000_6489.jpg,959,81,54,15,1013,96
00000000000000001000_2032.jpg,2677,1496,178,59,2855,1555
00000000000000001000_14606.jpg,3687,1339,129,43,3816,1382
00000000000000001000_21654.jpg,3979,1245,109,44,4088,1289
00000000000000001000_15987.jpg,460,252,94,19,554,271
00000000000000001000_15987.jpg,3134,1204,133,40,3267,1244
00000000000000001000_15987.jpg,2992,1727,176,62,3168,1789
00000000000000001000_22680.jpg,1854,471,100,22,1954,493
00000000000000001000_22680.jpg,881,539,116,25,997,564
00000000000000001000_22680.jpg,3905,1162,125,42,4030,1204
00000000000000001000_22680.jpg,2609,1802,191,64,2800,1866
00000000000000001000_23409.jpg,969,455,109,24,1078,479
00000000000000001000_23409.jpg,3396,1073,123,40,3519,1113
00000000000000001000_17904.jpg,1021,126,74,15,1095,141
00000000000000001000_17904.jpg,3785,1009,126,37,3911,1046
00000000000000001000_21240.jpg,991,486,112,26,1103,512
00000000000000001000_21240.jpg,1910,443,96,22,2006,465
00000000000000001000_21240.jpg,3160,1648,197,63,3357,1711
00000000000000001000_2429.jpg,1228,256,62,18,1290,274
00000000000000001000_2429.jpg,2502,47,225,33,2727,80
00000000000000001000_2429.jpg,2581,351,148,24,2729,375
00000000000000001000_2429.jpg,2836,1612,169,57,3005,1669
00000000000000001000_21810.jpg,140,96,78,17,218,113
00000000000000001000_21810.jpg,2404,1591,182,58,2586,1649
00000000000000001000_24677.jpg,969,134,64,15,1033,149
00000000000000001000_24677.jpg,627,331,101,22,728,353
00000000000000001000_24677.jpg,2350,638,107,25,2457,663
00000000000000001000_24677.jpg,633,1100,185,46,818,1146
00000000000000001000_24677.jpg,3269,1724,179,68,3448,1792
00000000000000001000_9239.jpg,982,1323,179,51,1161,1374
00000000000000001000_16529.jpg,1184,221,78,16,1262,237
00000000000000001000_16529.jpg,674,446,110,24,784,470
00000000000000001000_16529.jpg,3781,1278,132,43,3913,1321
00000000000000001000_16529.jpg,3142,1767,181,68,3323,1835
00000000000000001000_8419.jpg,1164,644,118,26,1282,670
00000000000000001000_8419.jpg,3186,1641,182,64,3368,1705
00000000000000001000_5459.jpg,1864,333,93,20,1957,353
00000000000000001000_5459.jpg,339,874,167,42,506,916
00000000000000001000_5459.jpg,3752,1291,142,39,3894,1330
00000000000000001000_23622.jpg,459,276,96,20,555,296
00000000000000001000_23622.jpg,1705,376,92,20,1797,396
00000000000000001000_23622.jpg,2522,1409,167,51,2689,1460
00000000000000001000_13362.jpg,1086,502,117,27,1203,529
00000000000000001000_13362.jpg,668,1359,207,54,875,1413
00000000000000001000_13362.jpg,3115,1081,128,37,3243,1118
00000000000000001000_13362.jpg,2875,1518,177,59,3052,1577
00000000000000001000_2644.jpg,954,258,88,20,1042,278
00000000000000001000_2644.jpg,1057,1148,57,22,1114,1170
00000000000000001000_2644.jpg,3857,1395,129,45,3986,1440
00000000000000001000_5809.jpg,1745,863,138,36,1883,899
00000000000000001000_24867.jpg,2918,1505,182,61,3100,1566
00000000000000001000_15421.jpg,1684,396,89,20,1773,416
00000000000000001000_15421.jpg,1085,537,105,22,1190,559
00000000000000001000_15421.jpg,2968,1565,181,62,3149,1627
00000000000000001000_4469.jpg,3384,986,125,35,3509,1021
00000000000000001000_4469.jpg,529,1120,193,50,722,1170
00000000000000001000_16448.jpg,3606,1088,120,37,3726,1125
00000000000000001000_16448.jpg,2905,1490,173,58,3078,1548
00000000000000001000_13217.jpg,803,1503,226,59,1029,1562
00000000000000001000_13217.jpg,3036,1727,178,63,3214,1790
00000000000000001000_3854.jpg,1708,983,162,37,1870,1020
00000000000000001000_3854.jpg,3838,1289,134,43,3972,1332
00000000000000001000_11125.jpg,653,394,104,23,757,417
00000000000000001000_11125.jpg,1869,162,63,43,1932,205
00000000000000001000_11125.jpg,1563,495,99,22,1662,517
00000000000000001000_11125.jpg,2736,1806,185,67,2921,1873
00000000000000001000_9294.jpg,2608,686,107,30,2715,716
00000000000000001000_9294.jpg,3193,1858,200,67,3393,1925
00000000000000001000_23910.jpg,3145,818,115,32,3260,850
00000000000000001000_6529.jpg,2553,1227,159,52,2712,1279
00000000000000001000_14110.jpg,566,1436,194,53,760,1489
00000000000000001000_14110.jpg,2407,1260,160,49,2567,1309
00000000000000001000_17215.jpg,3940,1565,146,56,4086,1621
00000000000000001000_5819.jpg,1784,389,52,15,1836,404
00000000000000001000_5819.jpg,3927,1405,138,49,4065,1454
00000000000000001000_22998.jpg,910,82,74,16,984,98
00000000000000001000_22998.jpg,1811,388,94,22,1905,410
00000000000000001000_22998.jpg,3804,1232,127,44,3931,1276
00000000000000001000_21091.jpg,251,117,88,18,339,135
00000000000000001000_21091.jpg,2117,412,95,74,2212,486
00000000000000001000_21091.jpg,2235,660,109,24,2344,684
00000000000000001000_21091.jpg,2806,1601,182,66,2988,1667
00000000000000001000_19129.jpg,1303,749,126,28,1429,777
00000000000000001000_19129.jpg,3873,1149,124,40,3997,1189
00000000000000001000_19129.jpg,2679,1734,185,67,2864,1801
00000000000000001000_6394.jpg,2104,1254,170,52,2274,1306
00000000000000001000_13790.jpg,1653,369,96,22,1749,391
00000000000000001000_13790.jpg,3205,1604,178,66,3383,1670
00000000000000001000_680.jpg,3455,1026,128,37,3583,1063
00000000000000001000_680.jpg,897,1551,225,62,1122,1613
00000000000000001000_680.jpg,2829,1679,187,66,3016,1745
00000000000000001000_21341.jpg,1534,813,135,34,1669,847
00000000000000001000_21341.jpg,3950,1538,137,49,4087,1587
00000000000000001000_18239.jpg,2513,1347,167,52,2680,1399
00000000000000001000_22055.jpg,2316,1485,176,55,2492,1540
00000000000000001000_13287.jpg,486,1138,189,48,675,1186
00000000000000001000_13287.jpg,2717,1393,156,49,2873,1442
00000000000000001000_4039.jpg,941,1385,194,53,1135,1438
00000000000000001000_4039.jpg,3631,1149,145,40,3776,1189
00000000000000001000_4039.jpg,2988,1570,173,61,3161,1631
00000000000000001000_12907.jpg,2700,817,91,70,2791,887
00000000000000001000_12907.jpg,3117,1823,175,70,3292,1893
00000000000000001000_17042.jpg,810,34,71,14,881,48
00000000000000001000_17042.jpg,1651,401,95,21,1746,422
00000000000000001000_17042.jpg,2917,1647,178,61,3095,1708
00000000000000001000_805.jpg,1959,1170,151,42,2110,1212
00000000000000001000_6584.jpg,1855,1623,190,63,2045,1686
00000000000000001000_2314.jpg,1430,361,94,21,1524,382
00000000000000001000_2314.jpg,3814,1310,147,41,3961,1351
00000000000000001000_4054.jpg,1567,33,78,17,1645,50
00000000000000001000_4054.jpg,1584,167,153,21,1737,188
00000000000000001000_4054.jpg,1592,411,97,22,1689,433
00000000000000001000_4054.jpg,1241,707,123,28,1364,735
00000000000000001000_4054.jpg,942,1385,192,53,1134,1438
00000000000000001000_4054.jpg,2699,1592,182,58,2881,1650
00000000000000001000_7894.jpg,733,483,106,24,839,507
00000000000000001000_7894.jpg,3134,364,100,63,3234,427
00000000000000001000_7894.jpg,2518,191,60,44,2578,235
00000000000000001000_7894.jpg,3145,1953,193,71,3338,2024
00000000000000001000_24607.jpg,606,413,109,29,715,442
00000000000000001000_24607.jpg,2835,1730,186,70,3021,1800
00000000000000001000_10304.jpg,3660,1256,125,41,3785,1297
00000000000000001000_24947.jpg,1228,564,108,19,1336,583
00000000000000001000_24947.jpg,1276,746,126,33,1402,779
00000000000000001000_24947.jpg,2359,708,112,27,2471,735
00000000000000001000_24947.jpg,3217,1674,177,64,3394,1738
00000000000000001000_23855.jpg,531,258,92,20,623,278
00000000000000001000_23855.jpg,3514,1160,113,36,3627,1196
00000000000000001000_11494.jpg,620,1445,208,54,828,1499
00000000000000001000_11494.jpg,3360,1020,131,37,3491,1057
00000000000000001000_422.jpg,506,309,96,20,602,329
00000000000000001000_422.jpg,3232,1658,182,64,3414,1722
00000000000000001000_13785.jpg,905,71,73,14,978,85
00000000000000001000_13785.jpg,1143,614,128,30,1271,644
00000000000000001000_13785.jpg,2873,895,122,33,2995,928
00000000000000001000_13785.jpg,3013,1769,187,71,3200,1840
00000000000000001000_13197.jpg,729,375,108,22,837,397
00000000000000001000_13197.jpg,804,1503,224,59,1028,1562
00000000000000001000_17794.jpg,1098,260,81,17,1179,277
00000000000000001000_12060.jpg,208,38,63,14,271,52
00000000000000001000_12060.jpg,1404,221,81,17,1485,238
00000000000000001000_12060.jpg,1313,805,122,30,1435,835
00000000000000001000_12060.jpg,3084,907,122,34,3206,941
00000000000000001000_12060.jpg,995,1815,253,66,1248,1881
00000000000000001000_12060.jpg,3226,1722,183,69,3409,1791
00000000000000001000_4374.jpg,1047,88,63,16,1110,104
00000000000000001000_4374.jpg,602,1349,204,56,806,1405
00000000000000001000_4374.jpg,2520,1264,169,52,2689,1316
00000000000000001000_4374.jpg,3113,1004,123,37,3236,1041
00000000000000001000_14679.jpg,1970,495,111,25,2081,520
00000000000000001000_14679.jpg,1021,616,123,29,1144,645
00000000000000001000_14679.jpg,3988,1417,97,44,4085,1461
00000000000000001000_22765.jpg,2436,1288,165,49,2601,1337
00000000000000001000_3264.jpg,634,1380,217,57,851,1437
00000000000000001000_3264.jpg,3645,1252,133,40,3778,1292
00000000000000001000_24937.jpg,2195,603,104,25,2299,628
00000000000000001000_24937.jpg,2953,1735,182,65,3135,1800
00000000000000001000_14669.jpg,3494,1127,131,40,3625,1167
00000000000000001000_17072.jpg,3948,1373,132,45,4080,1418
00000000000000001000_5659.jpg,1075,1710,240,66,1315,1776
00000000000000001000_18081.jpg,715,461,109,24,824,485
00000000000000001000_18081.jpg,1719,562,100,24,1819,586
00000000000000001000_24176.jpg,3456,1034,129,38,3585,1072
00000000000000001000_23712.jpg,1441,324,95,21,1536,345
00000000000000001000_23712.jpg,3395,1112,122,36,3517,1148
00000000000000001000_20662.jpg,3597,1055,109,37,3706,1092
00000000000000001000_20662.jpg,3658,1289,129,35,3787,1324
00000000000000001000_18812.jpg,260,207,85,18,345,225
00000000000000001000_18812.jpg,1483,304,89,18,1572,322
00000000000000001000_18812.jpg,2185,1115,159,45,2344,1160
00000000000000001000_22308.jpg,1264,306,87,20,1351,326
00000000000000001000_22308.jpg,2907,1573,190,68,3097,1641
00000000000000001000_20910.jpg,1276,182,81,16,1357,198
00000000000000001000_20910.jpg,434,1229,208,50,642,1279
00000000000000001000_367.jpg,233,72,80,16,313,88
00000000000000001000_367.jpg,822,416,113,26,935,442
00000000000000001000_367.jpg,2898,905,118,32,3016,937
00000000000000001000_367.jpg,2867,1478,176,55,3043,1533
00000000000000001000_17939.jpg,883,484,108,24,991,508
00000000000000001000_17939.jpg,596,1321,201,50,797,1371
00000000000000001000_17939.jpg,3864,1133,122,39,3986,1172
00000000000000001000_13047.jpg,1292,425,100,22,1392,447
00000000000000001000_13047.jpg,3382,1809,178,66,3560,1875
00000000000000001000_13312.jpg,960,26,68,14,1028,40
00000000000000001000_13312.jpg,1661,280,84,19,1745,299
00000000000000001000_13312.jpg,1535,807,136,33,1671,840
00000000000000001000_13312.jpg,3948,1343,131,46,4079,1389
00000000000000001000_17571.jpg,398,1278,207,54,605,1332
00000000000000001000_17571.jpg,2713,1473,174,59,2887,1532
00000000000000001000_1176.jpg,3391,1320,138,44,3529,1364
00000000000000001000_1176.jpg,492,1502,207,60,699,1562
00000000000000001000_377.jpg,1850,393,96,22,1946,415
00000000000000001000_377.jpg,3762,1074,121,39,3883,1113
00000000000000001000_20852.jpg,1113,1173,177,54,1290,1227
00000000000000001000_23875.jpg,2705,822,112,26,2817,848
00000000000000001000_11990.jpg,1151,604,130,30,1281,634
00000000000000001000_11990.jpg,2967,855,119,33,3086,888
00000000000000001000_11990.jpg,483,1470,203,58,686,1528
00000000000000001000_11990.jpg,2977,1717,181,63,3158,1780
00000000000000001000_11064.jpg,1065,94,74,14,1139,108
00000000000000001000_11064.jpg,1200,542,116,28,1316,570
00000000000000001000_11064.jpg,2972,1813,185,61,3157,1874
00000000000000001000_24038.jpg,3387,1039,115,37,3502,1076
00000000000000001000_22295.jpg,3341,1558,144,45,3485,1603
00000000000000001000_22295.jpg,3178,1903,190,69,3368,1972
00000000000000001000_22892.jpg,1344,370,88,18,1432,388
00000000000000001000_22892.jpg,3895,1395,136,43,4031,1438
00000000000000001000_12692.jpg,2487,1332,174,54,2661,1386
00000000000000001000_9329.jpg,439,1380,226,55,665,1435
00000000000000001000_9329.jpg,2949,1798,189,67,3138,1865
00000000000000001000_16372.jpg,1317,308,87,18,1404,326
00000000000000001000_16372.jpg,3417,1092,127,39,3544,1131
00000000000000001000_16372.jpg,2718,1484,178,60,2896,1544
00000000000000001000_1196.jpg,965,88,73,14,1038,102
00000000000000001000_1196.jpg,448,414,105,20,553,434
00000000000000001000_1196.jpg,1938,967,147,38,2085,1005
00000000000000001000_1196.jpg,3976,1239,119,43,4095,1282
00000000000000001000_1196.jpg,874,1981,234,66,1108,2047
00000000000000001000_11185.jpg,359,158,89,19,448,177
00000000000000001000_11185.jpg,1280,372,81,21,1361,393
00000000000000001000_11185.jpg,992,1668,226,63,1218,1731
00000000000000001000_11185.jpg,2841,1771,178,64,3019,1835
00000000000000001000_21915.jpg,1544,359,87,19,1631,378
00000000000000001000_21915.jpg,3163,1613,178,60,3341,1673
00000000000000001000_2221.jpg,3324,1153,127,39,3451,1192
00000000000000001000_5214.jpg,1206,170,79,19,1285,189
00000000000000001000_5214.jpg,1743,384,96,22,1839,406
00000000000000001000_5214.jpg,1019,529,117,24,1136,553
00000000000000001000_5214.jpg,2754,1568,195,64,2949,1632
00000000000000001000_16833.jpg,935,173,75,15,1010,188
00000000000000001000_16833.jpg,1868,572,102,25,1970,597
00000000000000001000_16833.jpg,3784,1313,140,40,3924,1353
00000000000000001000_21850.jpg,1994,499,109,24,2103,523
00000000000000001000_21850.jpg,1231,721,123,31,1354,752
00000000000000001000_21850.jpg,3502,1905,176,74,3678,1979
00000000000000001000_1497.jpg,749,50,57,14,806,64
00000000000000001000_1497.jpg,528,311,98,21,626,332
00000000000000001000_1497.jpg,2744,1762,197,62,2941,1824
00000000000000001000_3594.jpg,3838,1294,131,42,3969,1336
00000000000000001000_19139.jpg,524,294,90,18,614,312
00000000000000001000_19139.jpg,2062,468,100,19,2162,487
00000000000000001000_19139.jpg,1012,720,124,30,1136,750
00000000000000001000_19139.jpg,2956,1647,181,63,3137,1710
00000000000000001000_18920.jpg,1114,191,74,16,1188,207
00000000000000001000_18920.jpg,2203,628,107,26,2310,654
00000000000000001000_18920.jpg,3029,1825,191,67,3220,1892
00000000000000001000_24028.jpg,2782,1186,153,47,2935,1233
00000000000000001000_9034.jpg,3647,1223,124,34,3771,1257
00000000000000001000_8874.jpg,969,1880,246,67,1215,1947
00000000000000001000_10734.jpg,908,440,110,24,1018,464
00000000000000001000_10734.jpg,3758,170,78,29,3836,199
00000000000000001000_18742.jpg,2497,671,110,26,2607,697
00000000000000001000_18742.jpg,604,1390,199,50,803,1440
00000000000000001000_18742.jpg,2667,1431,169,57,2836,1488
00000000000000001000_24166.jpg,3253,1017,116,34,3369,1051
00000000000000001000_6514.jpg,3751,1168,127,41,3878,1209
00000000000000001000_7309.jpg,764,483,81,24,845,507
00000000000000001000_7309.jpg,1335,245,88,20,1423,265
00000000000000001000_7309.jpg,791,1442,222,60,1013,1502
00000000000000001000_7309.jpg,2010,1053,150,40,2160,1093
00000000000000001000_14889.jpg,806,40,71,15,877,55
00000000000000001000_14889.jpg,3789,1174,124,43,3913,1217
00000000000000001000_13855.jpg,457,1420,213,57,670,1477
00000000000000001000_13855.jpg,3356,1173,141,38,3497,1211
00000000000000001000_13525.jpg,1616,434,94,21,1710,455
00000000000000001000_13525.jpg,1270,635,128,30,1398,665
00000000000000001000_13525.jpg,3249,1731,173,66,3422,1797
00000000000000001000_96.jpg,197,172,83,16,280,188
00000000000000001000_96.jpg,3311,1904,195,68,3506,1972
00000000000000001000_12223.jpg,733,85,71,14,804,99
00000000000000001000_12223.jpg,2799,1534,167,54,2966,1588
00000000000000001000_23369.jpg,1004,470,109,24,1113,494
00000000000000001000_700.jpg,898,1551,224,62,1122,1613
00000000000000001000_23150.jpg,3566,1210,134,40,3700,1250
00000000000000001000_15391.jpg,2816,811,117,31,2933,842
00000000000000001000_15391.jpg,2710,1748,183,66,2893,1814
00000000000000001000_19144.jpg,914,39,68,14,982,53
00000000000000001000_19144.jpg,722,395,104,22,826,417
00000000000000001000_19144.jpg,2729,1683,187,66,2916,1749
00000000000000001000_14869.jpg,3266,1152,142,36,3408,1188
00000000000000001000_14869.jpg,2494,1541,178,57,2672,1598
00000000000000001000_6764.jpg,1812,464,102,21,1914,485
00000000000000001000_3034.jpg,3453,960,123,33,3576,993
00000000000000001000_3034.jpg,467,1630,226,57,693,1687
00000000000000001000_1627.jpg,500,409,124,26,624,435
00000000000000001000_1627.jpg,1724,394,94,20,1818,414
00000000000000001000_6644.jpg,3404,1131,133,39,3537,1170
00000000000000001000_14576.jpg,995,155,79,18,1074,173
00000000000000001000_14576.jpg,1175,626,127,27,1302,653
00000000000000001000_14576.jpg,2232,671,111,28,2343,699
00000000000000001000_14576.jpg,3052,1553,180,65,3232,1618
00000000000000001000_14240.jpg,2465,686,107,25,2572,711
00000000000000001000_14240.jpg,2775,1475,180,60,2955,1535
00000000000000001000_14240.jpg,1043,1665,240,68,1283,1733
00000000000000001000_5889.jpg,3028,1582,175,63,3203,1645
00000000000000001000_24497.jpg,1878,507,103,24,1981,531
00000000000000001000_4804.jpg,1740,398,96,20,1836,418
00000000000000001000_4804.jpg,2116,1179,149,43,2265,1222
00000000000000001000_10034.jpg,914,394,101,23,1015,417
00000000000000001000_10034.jpg,3281,1891,190,72,3471,1963
00000000000000001000_3929.jpg,1152,139,81,18,1233,157
00000000000000001000_3929.jpg,3736,1265,123,42,3859,1307
00000000000000001000_3929.jpg,926,1577,234,67,1160,1644
00000000000000001000_13447.jpg,1023,580,111,26,1134,606
00000000000000001000_22444.jpg,3917,1303,136,47,4053,1350
00000000000000001000_22867.jpg,739,52,66,14,805,66
00000000000000001000_22867.jpg,903,420,107,22,1010,442
00000000000000001000_22867.jpg,3984,1163,107,41,4091,1204
00000000000000001000_8379.jpg,458,246,56,18,514,264
00000000000000001000_8379.jpg,725,1808,244,63,969,1871
00000000000000001000_6934.jpg,475,313,92,19,567,332
00000000000000001000_6934.jpg,1425,320,88,18,1513,338
00000000000000001000_6934.jpg,1887,1080,155,40,2042,1120
00000000000000001000_6934.jpg,3992,1348,96,29,4088,1377
00000000000000001000_13850.jpg,458,1419,213,58,671,1477
00000000000000001000_13850.jpg,3150,1482,173,63,3323,1545
00000000000000001000_14879.jpg,3498,1211,150,42,3648,1253
00000000000000001000_17656.jpg,1860,365,107,21,1967,386
00000000000000001000_17656.jpg,1000,1916,232,71,1232,1987
00000000000000001000_17967.jpg,1137,156,60,18,1197,174
00000000000000001000_17967.jpg,1613,350,94,21,1707,371
00000000000000001000_17967.jpg,1047,569,120,27,1167,596
00000000000000001000_17967.jpg,978,1598,187,58,1165,1656
00000000000000001000_22557.jpg,938,1685,210,52,1148,1737
00000000000000001000_10884.jpg,1547,305,91,20,1638,325
00000000000000001000_10884.jpg,3612,942,59,30,3671,972
00000000000000001000_10884.jpg,3623,1662,167,69,3790,1731
00000000000000001000_21356.jpg,857,479,103,23,960,502
00000000000000001000_21356.jpg,2829,842,114,28,2943,870
00000000000000001000_21356.jpg,2837,1797,153,61,2990,1858
00000000000000001000_1567.jpg,1129,232,81,16,1210,248
00000000000000001000_1567.jpg,454,253,95,20,549,273
00000000000000001000_1567.jpg,188,1205,193,47,381,1252
00000000000000001000_1567.jpg,3003,1010,126,34,3129,1044
00000000000000001000_1567.jpg,2658,1616,180,60,2838,1676
00000000000000001000_5799.jpg,1220,207,81,16,1301,223
00000000000000001000_5799.jpg,2422,851,118,29,2540,880
00000000000000001000_5799.jpg,2663,1375,167,52,2830,1427
00000000000000001000_3724.jpg,3183,1124,136,37,3319,1161
00000000000000001000_11259.jpg,1659,379,92,20,1751,399
00000000000000001000_22224.jpg,2713,1569,174,56,2887,1625
00000000000000001000_5689.jpg,2498,1472,169,54,2667,1526
00000000000000001000_5689.jpg,1090,1968,245,74,1335,2042
00000000000000001000_10774.jpg,3889,1253,121,44,4010,1297
00000000000000001000_953.jpg,1842,535,99,24,1941,559
00000000000000001000_953.jpg,3435,1067,131,38,3566,1105
00000000000000001000_13825.jpg,968,105,78,18,1046,123
00000000000000001000_13825.jpg,836,406,106,23,942,429
00000000000000001000_13825.jpg,458,1419,213,59,671,1478
00000000000000001000_13825.jpg,3927,1372,130,45,4057,1417
00000000000000001000_12797.jpg,2710,1442,171,56,2881,1498
00000000000000001000_17125.jpg,1059,564,117,27,1176,591
00000000000000001000_17125.jpg,2757,1658,186,64,2943,1722
00000000000000001000_19184.jpg,3012,1609,185,63,3197,1672
00000000000000001000_6629.jpg,3016,1557,132,47,3148,1604
00000000000000001000_5829.jpg,1066,151,81,17,1147,168
00000000000000001000_5829.jpg,3256,1684,181,66,3437,1750
00000000000000001000_983.jpg,2080,514,98,24,2178,538
00000000000000001000_983.jpg,2185,1291,158,46,2343,1337
00000000000000001000_12090.jpg,250,189,92,20,342,209
00000000000000001000_12090.jpg,2274,565,117,19,2391,584
00000000000000001000_12090.jpg,2470,716,112,28,2582,744
00000000000000001000_12090.jpg,995,1815,253,64,1248,1879
00000000000000001000_18502.jpg,649,387,107,22,756,409
00000000000000001000_18502.jpg,1778,376,62,15,1840,391
00000000000000001000_18502.jpg,3075,1617,188,64,3263,1681
00000000000000001000_3259.jpg,3086,868,116,30,3202,898
00000000000000001000_3259.jpg,634,1379,217,58,851,1437
00000000000000001000_3084.jpg,976,467,113,24,1089,491
00000000000000001000_3084.jpg,159,832,112,39,271,871
00000000000000001000_3084.jpg,3499,1045,123,35,3622,1080
00000000000000001000_16896.jpg,3987,1318,105,44,4092,1362
00000000000000001000_19609.jpg,2747,1830,228,65,2975,1895
00000000000000001000_13107.jpg,273,223,87,19,360,242
00000000000000001000_7049.jpg,2697,1468,185,63,2882,1531
00000000000000001000_19361.jpg,2659,1411,178,57,2837,1468
00000000000000001000_5559.jpg,1477,320,63,18,1540,338
00000000000000001000_5559.jpg,3882,1288,122,38,4004,1326
00000000000000001000_12461.jpg,844,487,109,24,953,511
00000000000000001000_12461.jpg,3611,1316,132,44,3743,1360
00000000000000001000_8274.jpg,1334,272,82,19,1416,291
00000000000000001000_8274.jpg,3963,1282,129,43,4092,1325
00000000000000001000_8274.jpg,3132,1580,180,70,3312,1650
00000000000000001000_2794.jpg,1114,211,84,18,1198,229
00000000000000001000_2794.jpg,1818,449,99,24,1917,473
00000000000000001000_2794.jpg,3815,1208,129,43,3944,1251
00000000000000001000_2794.jpg,2996,1665,180,66,3176,1731
00000000000000001000_13630.jpg,2264,751,114,26,2378,777
00000000000000001000_1048.jpg,753,415,112,24,865,439
00000000000000001000_1048.jpg,1326,303,90,20,1416,323
00000000000000001000_1048.jpg,2949,1683,175,63,3124,1746
00000000000000001000_1231.jpg,418,244,91,19,509,263
00000000000000001000_1231.jpg,2800,1474,181,59,2981,1533
00000000000000001000_1231.jpg,874,1981,234,66,1108,2047
00000000000000001000_18414.jpg,901,461,110,25,1011,486
00000000000000001000_18414.jpg,2768,922,119,30,2887,952
00000000000000001000_18414.jpg,2909,1594,178,64,3087,1658
00000000000000001000_20096.jpg,2425,159,93,22,2518,181
00000000000000001000_20096.jpg,2223,643,109,24,2332,667
00000000000000001000_441.jpg,770,1735,221,63,991,1798
00000000000000001000_2724.jpg,3533,915,115,36,3648,951
00000000000000001000_2724.jpg,1957,1173,157,41,2114,1214
00000000000000001000_2724.jpg,1003,1797,220,66,1223,1863
00000000000000001000_14969.jpg,782,385,107,23,889,408
00000000000000001000_14969.jpg,1363,324,90,20,1453,344
00000000000000001000_14969.jpg,3414,1809,204,72,3618,1881
00000000000000001000_6174.jpg,2811,958,130,35,2941,993
00000000000000001000_6174.jpg,648,1243,191,52,839,1295
00000000000000001000_11009.jpg,1310,204,83,18,1393,222
00000000000000001000_5354.jpg,1945,453,98,22,2043,475
00000000000000001000_15715.jpg,1605,318,89,19,1694,337
00000000000000001000_15715.jpg,2886,1573,197,58,3083,1631
00000000000000001000_9054.jpg,1976,383,96,21,2072,404
00000000000000001000_24306.jpg,3334,1257,133,42,3467,1299
00000000000000001000_11877.jpg,643,390,97,21,740,411
00000000000000001000_11877.jpg,3156,993,126,36,3282,1029
00000000000000001000_20256.jpg,535,308,96,19,631,327
00000000000000001000_20256.jpg,2531,664,110,29,2641,693
00000000000000001000_20256.jpg,2859,520,66,13,2925,533
00000000000000001000_20256.jpg,781,1821,236,66,1017,1887
00000000000000001000_20256.jpg,3180,1687,192,62,3372,1749
00000000000000001000_20747.jpg,771,318,101,21,872,339
00000000000000001000_20747.jpg,3431,1781,182,69,3613,1850
00000000000000001000_2196.jpg,2117,1336,179,50,2296,1386
00000000000000001000_7239.jpg,3391,985,117,34,3508,1019
00000000000000001000_8194.jpg,2558,723,83,23,2641,746
00000000000000001000_6299.jpg,1101,170,82,18,1183,188
00000000000000001000_6299.jpg,2232,1291,174,52,2406,1343
00000000000000001000_12627.jpg,1020,554,116,27,1136,581
00000000000000001000_12627.jpg,1850,574,99,23,1949,597
00000000000000001000_12627.jpg,251,1404,210,54,461,1458
00000000000000001000_12627.jpg,3124,1787,181,68,3305,1855
00000000000000001000_15040.jpg,539,326,95,20,634,346
00000000000000001000_15040.jpg,1521,469,100,22,1621,491
00000000000000001000_15040.jpg,3061,588,86,24,3147,612
00000000000000001000_15040.jpg,3267,1677,173,68,3440,1745
00000000000000001000_15526.jpg,1423,758,134,34,1557,792
00000000000000001000_15526.jpg,3297,1235,142,37,3439,1272
00000000000000001000_15526.jpg,2771,1710,181,65,2952,1775
00000000000000001000_4974.jpg,1103,1632,220,61,1323,1693
00000000000000001000_20895.jpg,1632,467,96,22,1728,489
00000000000000001000_20895.jpg,436,1229,195,51,631,1280
00000000000000001000_610.jpg,2502,1432,179,50,2681,1482
00000000000000001000_24912.jpg,1061,95,73,16,1134,111
00000000000000001000_24912.jpg,1095,725,122,29,1217,754
00000000000000001000_24912.jpg,2251,625,121,26,2372,651
00000000000000001000_24912.jpg,2764,1699,186,65,2950,1764
00000000000000001000_23775.jpg,1662,1163,162,39,1824,1202
00000000000000001000_4909.jpg,1542,379,91,20,1633,399
00000000000000001000_4909.jpg,3842,1299,133,44,3975,1343
00000000000000001000_2514.jpg,299,1097,185,46,484,1143
00000000000000001000_2514.jpg,2712,1410,160,52,2872,1462
00000000000000001000_12353.jpg,112,57,78,18,190,75
00000000000000001000_12353.jpg,2041,627,110,25,2151,652
00000000000000001000_18304.jpg,953,123,78,15,1031,138
00000000000000001000_18304.jpg,2611,1434,174,53,2785,1487
00000000000000001000_20837.jpg,1582,359,89,19,1671,378
00000000000000001000_20837.jpg,2604,1451,179,59,2783,1510
00000000000000001000_20198.jpg,2911,1538,163,57,3074,1595
00000000000000001000_21511.jpg,1705,388,92,21,1797,409
00000000000000001000_21511.jpg,4002,1207,93,42,4095,1249
00000000000000001000_14794.jpg,2847,1423,145,54,2992,1477
00000000000000001000_20168.jpg,2222,608,117,27,2339,635
00000000000000001000_20168.jpg,1480,1939,246,78,1726,2017
00000000000000001000_20168.jpg,2714,1554,186,61,2900,1615
00000000000000001000_15273.jpg,3868,986,224,36,4092,1022
00000000000000001000_15273.jpg,3884,1071,199,40,4083,1111
00000000000000001000_15273.jpg,3864,1402,143,44,4007,1446
00000000000000001000_24837.jpg,1435,323,87,19,1522,342
00000000000000001000_24837.jpg,3533,1083,122,38,3655,1121
00000000000000001000_24837.jpg,2789,1468,173,58,2962,1526
00000000000000001000_18832.jpg,3635,1281,134,43,3769,1324
00000000000000001000_19885.jpg,1385,253,100,18,1485,271
00000000000000001000_19885.jpg,3948,1339,129,46,4077,1385
00000000000000001000_19885.jpg,922,1591,224,66,1146,1657
00000000000000001000_10019.jpg,1175,178,79,17,1254,195
00000000000000001000_10019.jpg,557,1325,202,55,759,1380
00000000000000001000_18657.jpg,405,1248,187,48,592,1296
00000000000000001000_21071.jpg,1068,555,117,25,1185,580
00000000000000001000_21071.jpg,2809,1624,183,62,2992,1686
00000000000000001000_19233.jpg,1293,234,84,20,1377,254
00000000000000001000_19233.jpg,506,301,98,21,604,322
00000000000000001000_19233.jpg,2848,1810,183,67,3031,1877
00000000000000001000_122.jpg,868,473,116,24,984,497
00000000000000001000_122.jpg,858,1769,193,65,1051,1834
00000000000000001000_122.jpg,3210,1889,188,69,3398,1958
00000000000000001000_675.jpg,3455,1026,128,37,3583,1063
00000000000000001000_675.jpg,897,1551,225,62,1122,1613
00000000000000001000_675.jpg,2829,1679,187,66,3016,1745
00000000000000001000_5289.jpg,1108,142,78,17,1186,159
00000000000000001000_5289.jpg,2078,523,104,22,2182,545
00000000000000001000_20339.jpg,1365,824,141,34,1506,858
00000000000000001000_22650.jpg,353,183,87,18,440,201
00000000000000001000_22650.jpg,2746,801,113,27,2859,828
00000000000000001000_22650.jpg,2846,1602,196,61,3042,1663
00000000000000001000_17964.jpg,3273,1705,183,68,3456,1773
00000000000000001000_477.jpg,2716,784,113,28,2829,812
00000000000000001000_24191.jpg,3160,1162,133,38,3293,1200
00000000000000001000_23542.jpg,759,6,68,13,827,19
00000000000000001000_23542.jpg,3195,1070,120,38,3315,1108
00000000000000001000_23542.jpg,897,1700,228,69,1125,1769
00000000000000001000_22409.jpg,169,71,73,14,242,85
00000000000000001000_22409.jpg,2601,598,104,27,2705,625
00000000000000001000_22409.jpg,2321,1452,193,62,2514,1514
00000000000000001000_17366.jpg,1079,188,79,19,1158,207
00000000000000001000_17366.jpg,739,483,112,24,851,507
00000000000000001000_17366.jpg,1865,601,102,24,1967,625
00000000000000001000_17366.jpg,3193,1642,190,67,3383,1709
00000000000000001000_13237.jpg,689,442,102,22,791,464
00000000000000001000_13237.jpg,1611,344,95,20,1706,364
00000000000000001000_13237.jpg,486,1139,190,46,676,1185
00000000000000001000_13237.jpg,2149,1141,158,44,2307,1185
00000000000000001000_24727.jpg,2409,1368,189,54,2598,1422
00000000000000001000_24727.jpg,3396,1252,129,40,3525,1292
00000000000000001000_16886.jpg,947,123,75,15,1022,138
00000000000000001000_16886.jpg,3935,1474,131,49,4066,1523
00000000000000001000_18053.jpg,2345,1537,187,60,2532,1597
00000000000000001000_22151.jpg,3475,1161,151,42,3626,1203
00000000000000001000_10589.jpg,359,314,112,29,471,343
00000000000000001000_10589.jpg,1409,342,89,19,1498,361
00000000000000001000_10589.jpg,3689,1384,140,49,3829,1433
00000000000000001000_10589.jpg,434,1817,233,66,667,1883
00000000000000001000_10589.jpg,3503,1876,193,79,3696,1955
00000000000000001000_17621.jpg,861,118,77,18,938,136
00000000000000001000_17621.jpg,1572,858,144,36,1716,894
00000000000000001000_17621.jpg,3957,1376,131,46,4088,1422
00000000000000001000_3289.jpg,1408,241,88,19,1496,260
00000000000000001000_3289.jpg,766,497,109,22,875,519
00000000000000001000_3289.jpg,2917,875,124,32,3041,907
00000000000000001000_3289.jpg,429,1296,205,54,634,1350
00000000000000001000_3289.jpg,3040,1438,172,60,3212,1498
00000000000000001000_18662.jpg,402,1253,184,34,586,1287
00000000000000001000_18662.jpg,2917,1402,170,57,3087,1459
00000000000000001000_24412.jpg,1407,337,88,18,1495,355
00000000000000001000_24412.jpg,2331,706,113,28,2444,734
00000000000000001000_24412.jpg,2761,1319,155,53,2916,1372
00000000000000001000_9849.jpg,3358,1037,115,35,3473,1072
00000000000000001000_9849.jpg,1580,1534,214,62,1794,1596
00000000000000001000_3144.jpg,1612,290,87,19,1699,309
00000000000000001000_3144.jpg,831,1390,219,58,1050,1448
00000000000000001000_3144.jpg,2332,1378,162,49,2494,1427
00000000000000001000_21471.jpg,726,28,69,15,795,43
00000000000000001000_21471.jpg,1490,350,93,18,1583,368
00000000000000001000_21471.jpg,2281,1449,183,58,2464,1507
00000000000000001000_4839.jpg,3173,1088,125,38,3298,1126
00000000000000001000_4839.jpg,2894,1595,194,64,3088,1659
00000000000000001000_20336.jpg,3050,1794,197,74,3247,1868
00000000000000001000_15700.jpg,408,139,86,18,494,157
00000000000000001000_15700.jpg,2241,633,108,24,2349,657
00000000000000001000_15700.jpg,2594,1394,160,55,2754,1449
00000000000000001000_23865.jpg,1381,322,87,20,1468,342
00000000000000001000_23865.jpg,2736,1375,168,55,2904,1430
00000000000000001000_23865.jpg,723,1516,225,61,948,1577
00000000000000001000_3249.jpg,634,1380,217,56,851,1436
00000000000000001000_3249.jpg,3726,1195,125,41,3851,1236
00000000000000001000_12499.jpg,879,31,61,14,940,45
00000000000000001000_12499.jpg,2309,648,108,26,2417,674
00000000000000001000_8084.jpg,1036,212,77,21,1113,233
00000000000000001000_8084.jpg,3693,1340,129,43,3822,1383
00000000000000001000_21739.jpg,627,80,70,15,697,95
00000000000000001000_21739.jpg,514,1167,172,44,686,1211
00000000000000001000_2919.jpg,2636,1512,182,56,2818,1568
00000000000000001000_19637.jpg,1590,622,77,56,1667,678
00000000000000001000_19637.jpg,2616,1688,186,62,2802,1750
00000000000000001000_1276.jpg,2478,1414,184,53,2662,1467
00000000000000001000_1276.jpg,2884,1361,190,55,3074,1416
00000000000000001000_7319.jpg,791,1442,222,61,1013,1503
00000000000000001000_7319.jpg,3058,1830,157,62,3215,1892
00000000000000001000_5139.jpg,2611,1639,189,63,2800,1702
00000000000000001000_12118.jpg,1115,278,80,17,1195,295
00000000000000001000_12118.jpg,369,1154,192,50,561,1204
00000000000000001000_12118.jpg,3295,1055,227,54,3522,1109
00000000000000001000_12118.jpg,3078,1550,231,59,3309,1609
00000000000000001000_12118.jpg,3297,1893,191,70,3488,1963
00000000000000001000_8479.jpg,3278,1797,196,49,3474,1846
00000000000000001000_16469.jpg,1747,437,93,22,1840,459
00000000000000001000_16469.jpg,3777,1382,125,48,3902,1430
00000000000000001000_76.jpg,387,319,92,20,479,339
00000000000000001000_76.jpg,1984,634,106,23,2090,657
00000000000000001000_76.jpg,2809,1812,192,66,3001,1878
00000000000000001000_61.jpg,1932,589,99,25,2031,614
00000000000000001000_61.jpg,2308,1655,179,58,2487,1713
00000000000000001000_1404.jpg,2857,1688,174,61,3031,1749
00000000000000001000_23183.jpg,1208,271,82,18,1290,289
00000000000000001000_23183.jpg,3520,1222,132,44,3652,1266
00000000000000001000_9589.jpg,1212,33,140,67,1352,100
00000000000000001000_9589.jpg,1202,218,63,19,1265,237
00000000000000001000_9589.jpg,488,260,91,19,579,279
00000000000000001000_9589.jpg,3419,988,126,36,3545,1024
00000000000000001000_9589.jpg,3145,1638,180,62,3325,1700
00000000000000001000_11200.jpg,928,142,74,16,1002,158
00000000000000001000_11200.jpg,1824,547,98,22,1922,569
00000000000000001000_11200.jpg,986,1661,226,65,1212,1726
00000000000000001000_11200.jpg,3257,1666,182,65,3439,1731
00000000000000001000_3464.jpg,430,223,88,18,518,241
00000000000000001000_19149.jpg,412,282,94,19,506,301
00000000000000001000_9599.jpg,1020,500,116,27,1136,527
00000000000000001000_9599.jpg,2058,508,101,23,2159,531
00000000000000001000_9599.jpg,2669,1698,179,62,2848,1760
00000000000000001000_22065.jpg,1148,133,77,16,1225,149
00000000000000001000_22065.jpg,3774,1280,132,43,3906,1323
00000000000000001000_20354.jpg,1688,386,94,21,1782,407
00000000000000001000_20354.jpg,3846,1213,135,41,3981,1254
00000000000000001000_15697.jpg,3822,1265,128,42,3950,1307
00000000000000001000_15697.jpg,3125,1579,182,65,3307,1644
00000000000000001000_11646.jpg,1277,627,119,27,1396,654
00000000000000001000_11646.jpg,3301,1702,168,63,3469,1765
00000000000000001000_988.jpg,1844,530,107,24,1951,554
00000000000000001000_18076.jpg,185,110,83,18,268,128
00000000000000001000_18076.jpg,2916,1063,121,35,3037,1098
00000000000000001000_18076.jpg,2946,1780,190,67,3136,1847
00000000000000001000_13975.jpg,1067,164,83,19,1150,183
00000000000000001000_13975.jpg,1352,710,129,31,1481,741
00000000000000001000_13975.jpg,2665,1605,190,65,2855,1670
00000000000000001000_12717.jpg,378,215,86,17,464,232
00000000000000001000_12717.jpg,3819,458,185,47,4004,505
00000000000000001000_12717.jpg,3867,1194,127,40,3994,1234
00000000000000001000_12717.jpg,3365,1625,153,62,3518,1687
00000000000000001000_22532.jpg,3032,1051,356,78,3388,1129
00000000000000001000_22532.jpg,2809,1730,193,69,3002,1799
00000000000000001000_15594.jpg,652,491,105,24,757,515
00000000000000001000_15594.jpg,2281,669,102,24,2383,693
00000000000000001000_15594.jpg,2932,1797,183,65,3115,1862
00000000000000001000_21960.jpg,1989,489,104,24,2093,513
00000000000000001000_895.jpg,2254,1388,167,49,2421,1437
00000000000000001000_11679.jpg,791,460,105,20,896,480
00000000000000001000_11679.jpg,3076,1565,172,59,3248,1624
00000000000000001000_5039.jpg,694,379,106,25,800,404
00000000000000001000_5039.jpg,3807,970,114,107,3921,1077
00000000000000001000_5039.jpg,3090,1756,186,67,3276,1823
00000000000000001000_19283.jpg,847,96,74,16,921,112
00000000000000001000_19283.jpg,1666,414,96,23,1762,437
00000000000000001000_19283.jpg,3991,1275,95,43,4086,1318
00000000000000001000_16115.jpg,1371,367,91,20,1462,387
00000000000000001000_16115.jpg,1134,600,126,27,1260,627
00000000000000001000_16115.jpg,3002,868,119,30,3121,898
00000000000000001000_16115.jpg,647,1448,211,51,858,1499
00000000000000001000_16115.jpg,3251,1669,174,67,3425,1736
00000000000000001000_2389.jpg,3600,1216,137,39,3737,1255
00000000000000001000_11284.jpg,3257,1103,60,23,3317,1126
00000000000000001000_16763.jpg,1104,260,86,18,1190,278
00000000000000001000_16763.jpg,758,1595,222,66,980,1661
00000000000000001000_20958.jpg,1010,1465,223,58,1233,1523
00000000000000001000_18161.jpg,236,172,86,18,322,190
00000000000000001000_18161.jpg,750,456,113,25,863,481
00000000000000001000_18161.jpg,2777,1033,127,35,2904,1068
00000000000000001000_18161.jpg,3822,1854,172,79,3994,1933
00000000000000001000_5054.jpg,1752,413,97,22,1849,435
00000000000000001000_5054.jpg,3904,1354,135,43,4039,1397
00000000000000001000_8819.jpg,299,226,84,18,383,244
00000000000000001000_8819.jpg,2850,1575,184,62,3034,1637
00000000000000001000_14694.jpg,2961,1608,197,64,3158,1672
00000000000000001000_24108.jpg,1549,317,89,20,1638,337
00000000000000001000_24108.jpg,3161,1054,126,33,3287,1087
00000000000000001000_20682.jpg,2318,1404,167,52,2485,1456
00000000000000001000_3554.jpg,2881,1536,179,57,3060,1593
00000000000000001000_5174.jpg,2978,1563,185,61,3163,1624
00000000000000001000_6564.jpg,3430,1211,138,41,3568,1252
00000000000000001000_16604.jpg,657,264,99,19,756,283
00000000000000001000_12303.jpg,979,127,75,15,1054,142
00000000000000001000_12303.jpg,2529,1501,176,56,2705,1557
00000000000000001000_18672.jpg,2211,560,107,25,2318,585
00000000000000001000_18672.jpg,2988,1763,181,62,3169,1825
00000000000000001000_13620.jpg,776,386,103,21,879,407
00000000000000001000_13620.jpg,2046,495,111,24,2157,519
00000000000000001000_13620.jpg,2924,1633,188,67,3112,1700
00000000000000001000_10604.jpg,1606,427,94,19,1700,446
00000000000000001000_10604.jpg,2898,1681,184,64,3082,1745
00000000000000001000_22567.jpg,1130,286,73,18,1203,304
00000000000000001000_22567.jpg,740,442,110,25,850,467
00000000000000001000_22567.jpg,938,1684,210,54,1148,1738
00000000000000001000_22567.jpg,3554,1847,186,76,3740,1923
00000000000000001000_20061.jpg,2630,1365,173,52,2803,1417
00000000000000001000_17496.jpg,3735,1213,246,54,3981,1267
00000000000000001000_17496.jpg,3724,1291,246,54,3970,1345
00000000000000001000_8264.jpg,3834,1179,127,40,3961,1219
00000000000000001000_15045.jpg,2588,966,124,35,2712,1001
00000000000000001000_15045.jpg,3110,1702,182,64,3292,1766
00000000000000001000_11674.jpg,304,169,79,15,383,184
00000000000000001000_11674.jpg,1010,454,108,24,1118,478
00000000000000001000_11674.jpg,1422,228,84,18,1506,246
00000000000000001000_11674.jpg,3164,1812,182,67,3346,1879
00000000000000001000_2994.jpg,467,1632,229,54,696,1686
00000000000000001000_24567.jpg,796,84,72,17,868,101
00000000000000001000_1309.jpg,228,114,80,17,308,131
00000000000000001000_1309.jpg,2566,1566,183,58,2749,1624
00000000000000001000_12173.jpg,577,17,62,12,639,29
00000000000000001000_12173.jpg,712,511,109,23,821,534
00000000000000001000_12173.jpg,2727,1581,177,59,2904,1640
00000000000000001000_2859.jpg,2995,1536,188,62,3183,1598
00000000000000001000_8324.jpg,252,891,149,36,401,927
00000000000000001000_8324.jpg,1364,605,119,28,1483,633
00000000000000001000_15486.jpg,523,1229,192,50,715,1279
00000000000000001000_15486.jpg,2296,1489,172,55,2468,1544
00000000000000001000_15486.jpg,3546,1117,127,39,3673,1156
00000000000000001000_17566.jpg,397,1278,208,54,605,1332
00000000000000001000_10964.jpg,735,456,109,23,844,479
00000000000000001000_10964.jpg,1323,288,87,19,1410,307
00000000000000001000_10964.jpg,1927,1232,155,45,2082,1277
00000000000000001000_15785.jpg,3443,1269,136,44,3579,1313
00000000000000001000_2709.jpg,3512,1117,127,37,3639,1154
00000000000000001000_21521.jpg,3939,1410,127,47,4066,1457
00000000000000001000_20652.jpg,3987,1298,97,43,4084,1341
00000000000000001000_2689.jpg,2642,723,113,26,2755,749
00000000000000001000_2689.jpg,2566,1321,92,40,2658,1361
00000000000000001000_14020.jpg,693,409,105,24,798,433
00000000000000001000_14020.jpg,2752,1376,166,53,2918,1429
00000000000000001000_14020.jpg,872,1699,238,66,1110,1765
00000000000000001000_10089.jpg,2737,1446,191,53,2928,1499
00000000000000001000_620.jpg,1648,992,139,37,1787,1029
00000000000000001000_23198.jpg,2654,1250,157,50,2811,1300
00000000000000001000_17596.jpg,1862,416,99,22,1961,438
00000000000000001000_17596.jpg,2447,1500,165,55,2612,1555
00000000000000001000_24123.jpg,1348,422,94,21,1442,443
00000000000000001000_24123.jpg,3107,741,74,41,3181,782
00000000000000001000_24123.jpg,3152,951,145,33,3297,984
00000000000000001000_7159.jpg,1820,351,93,19,1913,370
00000000000000001000_7159.jpg,2918,1709,180,64,3098,1773
00000000000000001000_24407.jpg,1005,128,77,16,1082,144
00000000000000001000_24407.jpg,366,312,92,18,458,330
00000000000000001000_24407.jpg,2093,620,106,22,2199,642
00000000000000001000_24407.jpg,3959,1369,133,47,4092,1416
00000000000000001000_21461.jpg,1148,188,83,17,1231,205
00000000000000001000_21461.jpg,2950,876,118,33,3068,909
00000000000000001000_21461.jpg,2766,1478,179,56,2945,1534
00000000000000001000_19416.jpg,1233,336,137,20,1370,356
00000000000000001000_19416.jpg,1032,338,116,18,1148,356
00000000000000001000_19416.jpg,1022,524,119,26,1141,550
00000000000000001000_19416.jpg,3005,836,112,31,3117,867
00000000000000001000_19416.jpg,3383,1885,180,67,3563,1952
00000000000000001000_9884.jpg,752,319,101,22,853,341
00000000000000001000_9884.jpg,2784,751,112,29,2896,780
00000000000000001000_9884.jpg,2995,1615,187,60,3182,1675
00000000000000001000_7679.jpg,2855,1626,181,64,3036,1690
00000000000000001000_17541.jpg,179,142,83,23,262,165
00000000000000001000_17541.jpg,2355,696,113,28,2468,724
00000000000000001000_17541.jpg,2980,1686,178,62,3158,1748
00000000000000001000_24617.jpg,2895,1605,179,61,3074,1666
00000000000000001000_17869.jpg,1762,396,97,19,1859,415
00000000000000001000_17869.jpg,2788,1389,175,54,2963,1443
00000000000000001000_2384.jpg,2616,1312,165,51,2781,1363
00000000000000001000_19840.jpg,450,292,92,20,542,312
00000000000000001000_19840.jpg,1365,331,84,20,1449,351
00000000000000001000_19840.jpg,313,1342,199,53,512,1395
00000000000000001000_19840.jpg,3577,1171,112,39,3689,1210
00000000000000001000_19840.jpg,2714,1666,186,65,2900,1731
00000000000000001000_8494.jpg,1286,248,80,17,1366,265
00000000000000001000_8494.jpg,1265,663,127,30,1392,693
00000000000000001000_8494.jpg,3958,1345,125,43,4083,1388
00000000000000001000_2449.jpg,2448,1212,158,47,2606,1259
00000000000000001000_17909.jpg,590,288,98,20,688,308
00000000000000001000_17909.jpg,678,1414,210,53,888,1467
00000000000000001000_17909.jpg,3160,1973,194,72,3354,2045
00000000000000001000_1832.jpg,862,138,74,15,936,153
00000000000000001000_1832.jpg,221,218,84,18,305,236
00000000000000001000_1832.jpg,1891,199,78,21,1969,220
00000000000000001000_1832.jpg,1928,343,111,23,2039,366
00000000000000001000_1832.jpg,1824,564,104,24,1928,588
00000000000000001000_1832.jpg,2792,1695,184,65,2976,1760
00000000000000001000_8519.jpg,1093,106,72,17,1165,123
00000000000000001000_8519.jpg,2861,1805,189,63,3050,1868
00000000000000001000_23301.jpg,143,161,78,16,221,177
00000000000000001000_23301.jpg,527,367,102,20,629,387
00000000000000001000_23301.jpg,2541,697,110,27,2651,724
00000000000000001000_23301.jpg,3061,1704,177,63,3238,1767
00000000000000001000_11500.jpg,1317,290,89,19,1406,309
00000000000000001000_11500.jpg,902,1777,247,73,1149,1850
00000000000000001000_5994.jpg,430,192,91,20,521,212
00000000000000001000_5994.jpg,1618,330,95,19,1713,349
00000000000000001000_5994.jpg,3900,1205,128,42,4028,1247
00000000000000001000_4164.jpg,3199,1467,173,58,3372,1525
00000000000000001000_2744.jpg,729,336,102,21,831,357
00000000000000001000_2744.jpg,574,1060,170,41,744,1101
00000000000000001000_2744.jpg,3829,1117,122,37,3951,1154
00000000000000001000_18822.jpg,3843,1234,138,41,3981,1275
00000000000000001000_7254.jpg,2486,714,103,25,2589,739
00000000000000001000_7254.jpg,895,1331,210,56,1105,1387
00000000000000001000_7254.jpg,2864,1622,172,61,3036,1683
00000000000000001000_3164.jpg,1245,280,86,20,1331,300
00000000000000001000_3164.jpg,677,372,107,22,784,394
00000000000000001000_3164.jpg,2851,1654,172,59,3023,1713
00000000000000001000_4534.jpg,1066,394,106,23,1172,417
00000000000000001000_4534.jpg,3298,1817,174,67,3472,1884
00000000000000001000_24917.jpg,1097,174,89,18,1186,192
00000000000000001000_24917.jpg,404,285,92,19,496,304
00000000000000001000_24917.jpg,2993,1634,130,59,3123,1693
00000000000000001000_24131.jpg,3869,1322,131,42,4000,1364
00000000000000001000_11709.jpg,3143,1352,157,50,3300,1402
00000000000000001000_13765.jpg,1547,300,88,20,1635,320
00000000000000001000_13765.jpg,2785,1708,182,62,2967,1770
00000000000000001000_8919.jpg,2115,1358,167,51,2282,1409
00000000000000001000_1577.jpg,542,252,91,18,633,270
00000000000000001000_1577.jpg,190,1207,190,47,380,1254
00000000000000001000_1577.jpg,2810,1539,179,57,2989,1596
00000000000000001000_19875.jpg,1288,240,83,19,1371,259
00000000000000001000_19875.jpg,1929,629,102,25,2031,654
00000000000000001000_19875.jpg,3817,1377,132,46,3949,1423
00000000000000001000_4414.jpg,1648,484,96,23,1744,507
00000000000000001000_4414.jpg,2394,1344,175,51,2569,1395
00000000000000001000_1597.jpg,188,1206,193,47,381,1253
00000000000000001000_1597.jpg,3645,1299,126,42,3771,1341
00000000000000001000_1394.jpg,495,241,90,18,585,259
00000000000000001000_1394.jpg,1226,649,123,28,1349,677
00000000000000001000_1394.jpg,3314,1678,181,64,3495,1742
00000000000000001000_18151.jpg,648,1479,222,50,870,1529
00000000000000001000_18151.jpg,3651,1198,132,40,3783,1238
00000000000000001000_18151.jpg,913,1746,85,82,998,1828
00000000000000001000_9799.jpg,1236,206,79,16,1315,222
00000000000000001000_9799.jpg,2794,1710,181,65,2975,1775
00000000000000001000_18319.jpg,988,187,77,17,1065,204
00000000000000001000_18319.jpg,3671,1196,129,41,3800,1237
00000000000000001000_19114.jpg,704,443,105,23,809,466
00000000000000001000_19114.jpg,2731,1527,179,61,2910,1588
00000000000000001000_2789.jpg,1114,211,84,18,1198,229
00000000000000001000_2789.jpg,1818,449,99,24,1917,473
00000000000000001000_2789.jpg,3815,1208,129,43,3944,1251
00000000000000001000_2789.jpg,2996,1665,180,66,3176,1731
00000000000000001000_11340.jpg,3926,1376,124,45,4050,1421
00000000000000001000_18329.jpg,214,169,77,16,291,185
00000000000000001000_18329.jpg,1315,235,78,17,1393,252
00000000000000001000_18329.jpg,876,604,116,26,992,630
00000000000000001000_18329.jpg,2042,1229,162,45,2204,1274
00000000000000001000_5574.jpg,2597,1335,175,54,2772,1389
00000000000000001000_5574.jpg,2930,947,111,26,3041,973
00000000000000001000_14100.jpg,3467,1128,121,39,3588,1167
00000000000000001000_20482.jpg,981,201,79,15,1060,216
00000000000000001000_12657.jpg,933,84,77,15,1010,99
00000000000000001000_12657.jpg,1116,586,125,28,1241,614
00000000000000001000_12657.jpg,3104,1673,191,66,3295,1739
00000000000000001000_14784.jpg,1601,375,92,20,1693,395
00000000000000001000_14784.jpg,3008,1640,166,57,3174,1697
00000000000000001000_20134.jpg,1374,1841,218,64,1592,1905
00000000000000001000_20134.jpg,3276,1672,182,68,3458,1740
00000000000000001000_17719.jpg,2033,458,70,25,2103,483
00000000000000001000_7859.jpg,990,659,121,30,1111,689
00000000000000001000_7859.jpg,846,1513,229,55,1075,1568
00000000000000001000_7859.jpg,2956,1744,182,66,3138,1810
00000000000000001000_19491.jpg,2706,1181,158,51,2864,1232
00000000000000001000_7629.jpg,2749,1478,178,56,2927,1534
00000000000000001000_10624.jpg,924,123,75,17,999,140
00000000000000001000_8114.jpg,488,335,92,21,580,356
00000000000000001000_8114.jpg,1909,453,95,20,2004,473
00000000000000001000_8114.jpg,3174,1579,179,64,3353,1643
00000000000000001000_24330.jpg,2180,1447,165,54,2345,1501
00000000000000001000_23697.jpg,852,20,69,13,921,33
00000000000000001000_23697.jpg,3960,1099,117,37,4077,1136
00000000000000001000_2329.jpg,2713,1554,199,56,2912,1610
00000000000000001000_13327.jpg,957,182,76,15,1033,197
00000000000000001000_22464.jpg,838,574,114,26,952,600
00000000000000001000_22464.jpg,3181,1060,127,30,3308,1090
00000000000000001000_22464.jpg,2550,1523,175,53,2725,1576
00000000000000001000_19053.jpg,2454,1462,166,52,2620,1514
00000000000000001000_19053.jpg,669,1785,225,64,894,1849
00000000000000001000_16304.jpg,3167,1855,200,66,3367,1921
00000000000000001000_23168.jpg,1752,470,101,24,1853,494
00000000000000001000_23168.jpg,1521,993,145,36,1666,1029
00000000000000001000_23168.jpg,3792,1451,135,46,3927,1497
00000000000000001000_11757.jpg,1457,366,93,21,1550,387
00000000000000001000_11757.jpg,3607,1250,128,40,3735,1290
00000000000000001000_11757.jpg,2936,1805,187,69,3123,1874
00000000000000001000_17007.jpg,3592,1184,133,40,3725,1224
00000000000000001000_22229.jpg,77,62,62,15,139,77
00000000000000001000_22229.jpg,1025,674,118,27,1143,701
00000000000000001000_22229.jpg,453,1281,197,54,650,1335
00000000000000001000_22229.jpg,3934,1283,131,44,4065,1327
00000000000000001000_456.jpg,931,1550,161,58,1092,1608
00000000000000001000_17205.jpg,2413,1435,179,58,2592,1493
00000000000000001000_8654.jpg,3974,1002,73,25,4047,1027
00000000000000001000_8654.jpg,3102,1542,174,61,3276,1603
00000000000000001000_9439.jpg,3070,1797,181,64,3251,1861
00000000000000001000_16748.jpg,882,467,103,22,985,489
00000000000000001000_16748.jpg,3815,1112,107,40,3922,1152
00000000000000001000_16748.jpg,2863,1646,181,65,3044,1711
00000000000000001000_4569.jpg,3429,1292,134,40,3563,1332
00000000000000001000_20276.jpg,1374,607,118,27,1492,634
00000000000000001000_20276.jpg,3938,1285,120,45,4058,1330
00000000000000001000_20276.jpg,2950,1853,198,66,3148,1919
00000000000000001000_1226.jpg,608,410,107,24,715,434
00000000000000001000_1226.jpg,874,1980,234,67,1108,2047
00000000000000001000_1226.jpg,2690,1564,177,60,2867,1624
00000000000000001000_15476.jpg,898,72,71,17,969,89
00000000000000001000_15476.jpg,521,1230,196,49,717,1279
00000000000000001000_23567.jpg,653,22,69,14,722,36
00000000000000001000_23567.jpg,3747,1148,123,42,3870,1190
00000000000000001000_15218.jpg,975,142,76,16,1051,158
00000000000000001000_15218.jpg,1254,718,134,33,1388,751
00000000000000001000_15218.jpg,343,1302,200,53,543,1355
00000000000000001000_15218.jpg,3823,1286,119,42,3942,1328
00000000000000001000_5434.jpg,1377,218,86,20,1463,238
00000000000000001000_5434.jpg,431,944,173,44,604,988
00000000000000001000_5434.jpg,1407,656,121,28,1528,684
00000000000000001000_5434.jpg,2797,1355,180,50,2977,1405
00000000000000001000_2979.jpg,3132,995,128,36,3260,1031
00000000000000001000_2979.jpg,601,1242,137,45,738,1287
00000000000000001000_7204.jpg,2963,1403,173,55,3136,1458
00000000000000001000_19910.jpg,1615,383,95,22,1710,405
00000000000000001000_19910.jpg,1420,815,136,34,1556,849
00000000000000001000_2629.jpg,3763,1471,137,46,3900,1517
00000000000000001000_18802.jpg,323,199,87,18,410,217
00000000000000001000_18802.jpg,1433,271,90,19,1523,290
00000000000000001000_18802.jpg,1504,893,136,34,1640,927
00000000000000001000_18802.jpg,2885,1706,185,63,3070,1769
00000000000000001000_19104.jpg,826,453,111,25,937,478
00000000000000001000_19104.jpg,1703,507,99,23,1802,530
00000000000000001000_19104.jpg,2634,1556,199,59,2833,1615
00000000000000001000_19104.jpg,2631,1652,65,17,2696,1669
00000000000000001000_23286.jpg,2608,652,112,26,2720,678
00000000000000001000_23286.jpg,1859,981,148,39,2007,1020
00000000000000001000_7099.jpg,1304,849,136,35,1440,884
00000000000000001000_7099.jpg,2828,1651,186,67,3014,1718
00000000000000001000_24522.jpg,918,587,115,26,1033,613
00000000000000001000_24522.jpg,2270,553,103,26,2373,579
00000000000000001000_24522.jpg,3758,1268,134,43,3892,1311
00000000000000001000_24522.jpg,3124,1696,184,68,3308,1764
00000000000000001000_24632.jpg,1034,423,94,22,1128,445
00000000000000001000_14744.jpg,866,468,110,23,976,491
00000000000000001000_14744.jpg,1665,427,98,23,1763,450
00000000000000001000_14744.jpg,739,1676,214,60,953,1736
00000000000000001000_14744.jpg,2758,1558,176,65,2934,1623
00000000000000001000_3254.jpg,635,1380,215,57,850,1437
00000000000000001000_3254.jpg,3672,1294,138,40,3810,1334
00000000000000001000_15228.jpg,532,381,104,26,636,407
00000000000000001000_15228.jpg,1547,392,95,20,1642,412
00000000000000001000_15228.jpg,342,1301,200,53,542,1354
00000000000000001000_15228.jpg,3793,1375,132,46,3925,1421
00000000000000001000_14313.jpg,1211,155,81,18,1292,173
00000000000000001000_14313.jpg,3169,953,122,34,3291,987
00000000000000001000_14313.jpg,2747,1610,181,62,2928,1672
00000000000000001000_12000.jpg,84,5,60,14,144,19
00000000000000001000_12000.jpg,979,8,60,52,1039,60
00000000000000001000_12000.jpg,1094,232,78,18,1172,250
00000000000000001000_12000.jpg,483,1470,203,59,686,1529
00000000000000001000_12000.jpg,3001,1707,181,63,3182,1770
00000000000000001000_13980.jpg,2748,1579,187,62,2935,1641
00000000000000001000_23740.jpg,3688,1339,63,19,3751,1358
00000000000000001000_4314.jpg,1906,310,171,21,2077,331
00000000000000001000_4314.jpg,1825,472,103,24,1928,496
00000000000000001000_4314.jpg,2943,1707,184,66,3127,1773
00000000000000001000_24103.jpg,3336,1078,128,38,3464,1116
00000000000000001000_943.jpg,692,34,71,14,763,48
00000000000000001000_943.jpg,33,55,75,16,108,71
00000000000000001000_943.jpg,1566,390,92,20,1658,410
00000000000000001000_12494.jpg,110,82,80,15,190,97
00000000000000001000_12494.jpg,1394,229,74,19,1468,248
00000000000000001000_12494.jpg,3853,1262,127,45,3980,1307
00000000000000001000_6504.jpg,1554,242,87,17,1641,259
00000000000000001000_6504.jpg,1037,616,114,26,1151,642
00000000000000001000_6504.jpg,2906,1597,187,63,3093,1660
00000000000000001000_24397.jpg,3906,1276,136,43,4042,1319
00000000000000001000_24397.jpg,2512,1520,163,52,2675,1572
00000000000000001000_23612.jpg,1100,149,74,15,1174,164
00000000000000001000_23612.jpg,469,308,94,19,563,327
00000000000000001000_23612.jpg,2338,719,108,26,2446,745
00000000000000001000_23612.jpg,2419,1335,172,52,2591,1387
00000000000000001000_24832.jpg,1607,391,91,20,1698,411
00000000000000001000_13117.jpg,2346,1385,170,51,2516,1436
00000000000000001000_13247.jpg,1306,292,94,19,1400,311
00000000000000001000_13247.jpg,2791,995,123,32,2914,1027
00000000000000001000_13247.jpg,486,1138,189,48,675,1186
00000000000000001000_13247.jpg,2834,1554,180,62,3014,1616
00000000000000001000_23306.jpg,565,273,91,20,656,293
00000000000000001000_23306.jpg,1704,461,93,20,1797,481
00000000000000001000_23306.jpg,1512,816,143,33,1655,849
00000000000000001000_23306.jpg,3881,1286,129,42,4010,1328
00000000000000001000_15481.jpg,1404,267,92,18,1496,285
00000000000000001000_15481.jpg,520,1229,199,49,719,1278
00000000000000001000_15481.jpg,3834,1394,128,48,3962,1442
00000000000000001000_23041.jpg,1324,1481,208,54,1532,1535
00000000000000001000_16758.jpg,227,210,82,16,309,226
00000000000000001000_16758.jpg,757,1595,225,66,982,1661
00000000000000001000_12466.jpg,2981,1603,181,63,3162,1666
00000000000000001000_10829.jpg,2858,1543,174,61,3032,1604
00000000000000001000_18191.jpg,1042,180,72,15,1114,195
00000000000000001000_18191.jpg,2589,1391,178,56,2767,1447
00000000000000001000_9449.jpg,2924,1559,183,65,3107,1624
00000000000000001000_22303.jpg,1645,416,94,19,1739,435
00000000000000001000_22303.jpg,1117,598,123,29,1240,627
00000000000000001000_22303.jpg,2760,938,121,32,2881,970
00000000000000001000_12947.jpg,535,259,95,21,630,280
00000000000000001000_12947.jpg,3094,1611,174,61,3268,1672
00000000000000001000_1592.jpg,189,1207,191,46,380,1253
00000000000000001000_1592.jpg,3010,1612,173,59,3183,1671
00000000000000001000_9354.jpg,980,422,111,25,1091,447
00000000000000001000_9354.jpg,2002,444,97,22,2099,466
00000000000000001000_9354.jpg,525,1309,196,54,721,1363
00000000000000001000_9354.jpg,2967,1518,134,57,3101,1575
00000000000000001000_4799.jpg,712,474,106,24,818,498
00000000000000001000_4799.jpg,2351,639,111,26,2462,665
00000000000000001000_4799.jpg,3324,1851,174,66,3498,1917
00000000000000001000_12383.jpg,250,152,85,19,335,171
00000000000000001000_12383.jpg,1330,270,103,22,1433,292
00000000000000001000_12383.jpg,3625,1148,116,40,3741,1188
00000000000000001000_18086.jpg,706,150,71,16,777,166
00000000000000001000_18086.jpg,1851,523,97,22,1948,545
00000000000000001000_18086.jpg,3918,1375,138,40,4056,1415
00000000000000001000_4684.jpg,787,411,105,22,892,433
00000000000000001000_4684.jpg,2971,1872,189,74,3160,1946
00000000000000001000_10474.jpg,2149,765,117,28,2266,793
00000000000000001000_10474.jpg,2639,1451,175,58,2814,1509
00000000000000001000_17012.jpg,3019,1352,161,52,3180,1404
00000000000000001000_2624.jpg,3977,1292,117,44,4094,1336
00000000000000001000_13087.jpg,1934,553,100,22,2034,575
00000000000000001000_13087.jpg,3068,982,127,35,3195,1017
00000000000000001000_13087.jpg,2797,1610,183,66,2980,1676
00000000000000001000_4874.jpg,1259,202,86,19,1345,221
00000000000000001000_23607.jpg,1974,489,97,23,2071,512
00000000000000001000_23607.jpg,1280,666,119,27,1399,693
00000000000000001000_23607.jpg,2730,1626,179,59,2909,1685
00000000000000001000_2729.jpg,2334,1053,150,42,2484,1095
00000000000000001000_2729.jpg,1003,1797,220,67,1223,1864
00000000000000001000_8524.jpg,3019,59,106,75,3125,134
00000000000000001000_8524.jpg,2938,1791,177,67,3115,1858
00000000000000001000_10124.jpg,2945,1849,186,66,3131,1915
00000000000000001000_20281.jpg,507,354,100,20,607,374
00000000000000001000_20281.jpg,1601,375,90,19,1691,394
00000000000000001000_20281.jpg,3013,1259,148,34,3161,1293
00000000000000001000_20281.jpg,2913,1617,199,60,3112,1677
00000000000000001000_23105.jpg,645,48,70,14,715,62
00000000000000001000_23105.jpg,264,159,85,18,349,177
00000000000000001000_23105.jpg,1748,385,87,19,1835,404
00000000000000001000_23105.jpg,155,608,132,33,287,641
00000000000000001000_13512.jpg,2650,1631,183,57,2833,1688
00000000000000001000_1797.jpg,2770,1455,163,54,2933,1509
00000000000000001000_5404.jpg,422,1111,182,46,604,1157
00000000000000001000_8094.jpg,3730,1242,122,39,3852,1281
00000000000000001000_10824.jpg,1503,825,129,33,1632,858
00000000000000001000_10824.jpg,3701,1267,126,40,3827,1307
00000000000000001000_13940.jpg,1838,625,105,30,1943,655
00000000000000001000_13940.jpg,3158,1593,180,62,3338,1655
00000000000000001000_3804.jpg,1888,439,99,21,1987,460
00000000000000001000_3804.jpg,1174,665,142,27,1316,692
00000000000000001000_3804.jpg,2175,1334,186,56,2361,1390
00000000000000001000_23100.jpg,362,137,85,17,447,154
00000000000000001000_23100.jpg,1339,317,87,19,1426,336
00000000000000001000_23100.jpg,345,772,147,37,492,809
00000000000000001000_23100.jpg,1604,844,139,36,1743,880
00000000000000001000_10234.jpg,3847,1407,143,49,3990,1456
00000000000000001000_10234.jpg,948,1830,251,77,1199,1907
00000000000000001000_10234.jpg,2617,1756,190,61,2807,1817
00000000000000001000_10949.jpg,2742,1383,176,56,2918,1439
00000000000000001000_10949.jpg,981,1664,230,64,1211,1728
00000000000000001000_4454.jpg,3727,1341,133,41,3860,1382
00000000000000001000_4454.jpg,1379,1926,259,80,1638,2006
00000000000000001000_12952.jpg,1148,564,116,25,1264,589
00000000000000001000_12952.jpg,2759,1535,178,59,2937,1594
00000000000000001000_12095.jpg,658,4,66,14,724,18
00000000000000001000_12095.jpg,1340,268,85,20,1425,288
00000000000000001000_12095.jpg,3699,1185,130,43,3829,1228
00000000000000001000_12095.jpg,995,1815,253,66,1248,1881
00000000000000001000_12095.jpg,3503,1884,190,75,3693,1959
00000000000000001000_22610.jpg,855,88,71,15,926,103
00000000000000001000_22610.jpg,3636,1366,137,45,3773,1411
00000000000000001000_20930.jpg,435,1229,205,49,640,1278
00000000000000001000_20930.jpg,3691,1132,126,41,3817,1173
00000000000000001000_11264.jpg,840,70,72,14,912,84
00000000000000001000_11264.jpg,1970,500,99,22,2069,522
00000000000000001000_11264.jpg,2972,1757,196,64,3168,1821
00000000000000001000_24537.jpg,2219,510,99,23,2318,533
00000000000000001000_24537.jpg,3268,1108,122,37,3390,1145
00000000000000001000_24537.jpg,2894,1707,186,67,3080,1774
00000000000000001000_17829.jpg,2870,1552,181,63,3051,1615
00000000000000001000_21396.jpg,1149,497,116,26,1265,523
00000000000000001000_21396.jpg,3339,1185,137,38,3476,1223
00000000000000001000_21396.jpg,2923,1719,179,63,3102,1782
00000000000000001000_2564.jpg,449,195,88,20,537,215
00000000000000001000_2564.jpg,1366,318,89,20,1455,338
00000000000000001000_2564.jpg,2944,1668,187,67,3131,1735
00000000000000001000_13710.jpg,752,433,108,23,860,456
00000000000000001000_13710.jpg,3154,1038,129,35,3283,1073
00000000000000001000_13710.jpg,2868,1542,179,59,3047,1601
00000000000000001000_3019.jpg,519,280,99,20,618,300
00000000000000001000_3019.jpg,2051,510,105,24,2156,534
00000000000000001000_3019.jpg,466,1633,229,53,695,1686
00000000000000001000_3019.jpg,2884,1601,181,66,3065,1667
00000000000000001000_3489.jpg,2671,1431,173,58,2844,1489
00000000000000001000_3424.jpg,2649,1569,187,59,2836,1628
00000000000000001000_14140.jpg,3867,1182,130,44,3997,1226
00000000000000001000_14318.jpg,1590,277,89,19,1679,296
00000000000000001000_14318.jpg,2566,1169,150,45,2716,1214
00000000000000001000_142.jpg,2242,1307,165,47,2407,1354
00000000000000001000_142.jpg,3717,1194,128,38,3845,1232
00000000000000001000_20732.jpg,1282,1683,216,63,1498,1746
00000000000000001000_12148.jpg,369,1155,192,50,561,1205
00000000000000001000_12148.jpg,3091,1675,181,65,3272,1740
00000000000000001000_6849.jpg,3955,1211,126,36,4081,1247
00000000000000001000_1767.jpg,652,310,101,21,753,331
00000000000000001000_1767.jpg,1667,420,96,22,1763,442
00000000000000001000_1767.jpg,2805,1626,185,63,2990,1689
00000000000000001000_14045.jpg,3553,1171,131,40,3684,1211
00000000000000001000_14045.jpg,872,1698,235,68,1107,1766
00000000000000001000_15840.jpg,2259,1307,173,50,2432,1357
00000000000000001000_12992.jpg,2098,668,111,24,2209,692
00000000000000001000_12992.jpg,3763,1465,138,45,3901,1510
00000000000000001000_8989.jpg,516,491,115,26,631,517
00000000000000001000_8989.jpg,1360,176,82,18,1442,194
00000000000000001000_8989.jpg,2659,143,37,35,2696,178
00000000000000001000_8989.jpg,3572,1033,125,36,3697,1069
00000000000000001000_10224.jpg,278,238,93,18,371,256
00000000000000001000_10224.jpg,1806,927,153,40,1959,967
00000000000000001000_10224.jpg,947,1829,253,77,1200,1906
00000000000000001000_14115.jpg,566,1436,194,54,760,1490
00000000000000001000_14115.jpg,3905,1187,125,44,4030,1231
00000000000000001000_16456.jpg,1918,429,99,22,2017,451
00000000000000001000_16456.jpg,3964,1238,126,44,4090,1282
00000000000000001000_13540.jpg,915,518,115,26,1030,544
00000000000000001000_5264.jpg,620,1235,193,51,813,1286
00000000000000001000_5264.jpg,3149,1484,153,47,3302,1531
00000000000000001000_19164.jpg,3172,1703,182,66,3354,1769
00000000000000001000_5344.jpg,1466,277,87,18,1553,295
00000000000000001000_5344.jpg,2792,1520,180,60,2972,1580
00000000000000001000_337.jpg,1128,531,98,21,1226,552
00000000000000001000_337.jpg,2771,1553,178,61,2949,1614
00000000000000001000_1166.jpg,3236,918,117,33,3353,951
00000000000000001000_1166.jpg,492,1502,206,60,698,1562
00000000000000001000_6919.jpg,1258,285,85,18,1343,303
00000000000000001000_6919.jpg,928,1842,252,76,1180,1918
00000000000000001000_6919.jpg,2493,1642,192,63,2685,1705
00000000000000001000_15085.jpg,625,352,102,22,727,374
00000000000000001000_15085.jpg,3150,1709,198,69,3348,1778
00000000000000001000_2244.jpg,2884,1546,164,56,3048,1602
00000000000000001000_7884.jpg,1229,171,80,19,1309,190
00000000000000001000_7884.jpg,375,324,92,20,467,344
00000000000000001000_7884.jpg,3008,1534,184,61,3192,1595
00000000000000001000_19195.jpg,1833,945,148,38,1981,983
00000000000000001000_19195.jpg,2665,836,125,31,2790,867
00000000000000001000_19195.jpg,307,1175,188,48,495,1223
00000000000000001000_5409.jpg,422,1112,182,47,604,1159
00000000000000001000_17185.jpg,1763,944,134,32,1897,976
00000000000000001000_17185.jpg,3101,930,125,37,3226,967
00000000000000001000_2589.jpg,438,213,92,22,530,235
00000000000000001000_2589.jpg,3916,1536,145,45,4061,1581
00000000000000001000_2589.jpg,2792,1769,142,61,2934,1830
00000000000000001000_19617.jpg,1700,429,95,22,1795,451
00000000000000001000_8594.jpg,1954,978,137,33,2091,1011
00000000000000001000_5509.jpg,1232,1705,209,60,1441,1765
00000000000000001000_20432.jpg,1196,1639,210,60,1406,1699
00000000000000001000_13277.jpg,485,1139,191,47,676,1186
00000000000000001000_13740.jpg,3979,1203,115,40,4094,1243
00000000000000001000_4619.jpg,2690,1341,171,55,2861,1396
00000000000000001000_16519.jpg,1755,517,100,22,1855,539
00000000000000001000_16519.jpg,3774,1286,127,40,3901,1326
00000000000000001000_16519.jpg,2905,1848,186,67,3091,1915
00000000000000001000_15080.jpg,687,415,108,24,795,439
00000000000000001000_15080.jpg,2818,1599,183,61,3001,1660
00000000000000001000_18339.jpg,3864,1468,134,43,3998,1511
00000000000000001000_12562.jpg,450,236,93,18,543,254
00000000000000001000_12562.jpg,2940,969,123,33,3063,1002
00000000000000001000_17351.jpg,1019,596,128,29,1147,625
00000000000000001000_17351.jpg,2640,745,116,28,2756,773
00000000000000001000_17351.jpg,786,1507,222,60,1008,1567
00000000000000001000_20963.jpg,3787,1254,128,44,3915,1298
00000000000000001000_20963.jpg,2844,1485,173,61,3017,1546
00000000000000001000_11210.jpg,359,218,83,18,442,236
00000000000000001000_11210.jpg,987,1660,227,65,1214,1725
00000000000000001000_11210.jpg,2579,1555,176,56,2755,1611
00000000000000001000_4779.jpg,1108,436,110,24,1218,460
00000000000000001000_4779.jpg,3624,959,122,36,3746,995
00000000000000001000_4779.jpg,831,1771,230,63,1061,1834
00000000000000001000_2096.jpg,1632,384,122,21,1754,405
00000000000000001000_2096.jpg,3364,1297,136,46,3500,1343
00000000000000001000_2096.jpg,2994,1599,179,66,3173,1665
00000000000000001000_5724.jpg,1665,319,91,25,1756,344
00000000000000001000_5724.jpg,1543,890,145,37,1688,927
00000000000000001000_5724.jpg,3815,1282,132,43,3947,1325
00000000000000001000_5724.jpg,709,1528,226,64,935,1592
00000000000000001000_6704.jpg,1935,494,101,24,2036,518
00000000000000001000_6704.jpg,2090,1161,156,46,2246,1207
00000000000000001000_19727.jpg,1698,376,71,15,1769,391
00000000000000001000_19727.jpg,3948,1226,130,43,4078,1269
00000000000000001000_11458.jpg,1865,1503,191,58,2056,1561
00000000000000001000_9069.jpg,3063,1588,162,54,3225,1642
00000000000000001000_20842.jpg,1379,1760,215,65,1594,1825
00000000000000001000_2206.jpg,3765,1391,141,49,3906,1440
00000000000000001000_21639.jpg,2831,1384,166,51,2997,1435
00000000000000001000_15674.jpg,2585,919,120,31,2705,950
00000000000000001000_15674.jpg,2564,1494,186,65,2750,1559
00000000000000001000_11479.jpg,222,1202,187,46,409,1248
00000000000000001000_11479.jpg,2126,1219,168,47,2294,1266
00000000000000001000_5179.jpg,1105,543,122,26,1227,569
00000000000000001000_5179.jpg,2827,1567,181,60,3008,1627
00000000000000001000_9134.jpg,817,312,97,21,914,333
00000000000000001000_9134.jpg,2694,767,115,28,2809,795
00000000000000001000_9134.jpg,884,1335,199,53,1083,1388
00000000000000001000_9134.jpg,2881,1562,185,63,3066,1625
00000000000000001000_444.jpg,3488,1830,182,67,3670,1897
00000000000000001000_14611.jpg,2105,1281,179,52,2284,1333
00000000000000001000_14611.jpg,3202,1206,138,38,3340,1244
00000000000000001000_1028.jpg,201,188,82,16,283,204
00000000000000001000_1028.jpg,1127,744,136,27,1263,771
00000000000000001000_13487.jpg,799,84,76,16,875,100
00000000000000001000_13487.jpg,1514,995,148,38,1662,1033
00000000000000001000_13487.jpg,3764,1189,128,39,3892,1228
00000000000000001000_8704.jpg,3659,1098,124,39,3783,1137
00000000000000001000_21142.jpg,941,129,72,15,1013,144
00000000000000001000_21142.jpg,717,525,112,24,829,549
00000000000000001000_21142.jpg,1785,506,101,23,1886,529
00000000000000001000_21142.jpg,585,1195,188,46,773,1241
00000000000000001000_21142.jpg,3847,1267,136,43,3983,1310
00000000000000001000_12263.jpg,423,303,89,18,512,321
00000000000000001000_12263.jpg,1622,425,94,21,1716,446
00000000000000001000_12263.jpg,3964,1326,131,46,4095,1372
00000000000000001000_12263.jpg,2962,1698,172,65,3134,1763
00000000000000001000_6709.jpg,927,105,65,16,992,121
00000000000000001000_6709.jpg,2019,501,103,22,2122,523
00000000000000001000_6709.jpg,2184,1505,189,59,2373,1564
00000000000000001000_15130.jpg,1005,476,113,25,1118,501
00000000000000001000_15130.jpg,2017,553,103,25,2120,578
00000000000000001000_15130.jpg,3743,1238,126,41,3869,1279
00000000000000001000_15130.jpg,944,1931,234,71,1178,2002
00000000000000001000_15130.jpg,3091,1618,179,64,3270,1682
00000000000000001000_18244.jpg,886,447,110,24,996,471
00000000000000001000_21101.jpg,3981,1324,116,44,4097,1368
00000000000000001000_18449.jpg,3841,1481,137,41,3978,1522
00000000000000001000_21506.jpg,3932,1252,125,42,4057,1294
00000000000000001000_22795.jpg,1112,191,83,18,1195,209
00000000000000001000_22795.jpg,3212,1702,193,67,3405,1769
00000000000000001000_14160.jpg,947,538,123,28,1070,566
00000000000000001000_14160.jpg,2932,941,123,34,3055,975
00000000000000001000_14160.jpg,3077,1680,189,66,3266,1746
00000000000000001000_20647.jpg,1396,374,86,18,1482,392
00000000000000001000_9694.jpg,868,390,105,24,973,414
00000000000000001000_9694.jpg,2195,562,100,21,2295,583
00000000000000001000_9694.jpg,901,1786,252,73,1153,1859
00000000000000001000_11957.jpg,246,130,81,17,327,147
00000000000000001000_11957.jpg,3547,1383,136,43,3683,1426
00000000000000001000_2754.jpg,2051,442,96,21,2147,463
00000000000000001000_2754.jpg,523,1008,165,40,688,1048
00000000000000001000_2754.jpg,2000,1042,151,40,2151,1082
00000000000000001000_3239.jpg,634,1380,217,57,851,1437
00000000000000001000_3239.jpg,3726,1268,129,40,3855,1308
00000000000000001000_19084.jpg,278,269,86,20,364,289
00000000000000001000_19084.jpg,410,1389,201,49,611,1438
00000000000000001000_19084.jpg,2803,1727,193,61,2996,1788
00000000000000001000_3674.jpg,862,326,100,22,962,348
00000000000000001000_3674.jpg,1370,290,87,18,1457,308
00000000000000001000_3674.jpg,3134,989,123,34,3257,1023
00000000000000001000_3674.jpg,3308,1825,175,68,3483,1893
00000000000000001000_10299.jpg,1668,82,55,18,1723,100
00000000000000001000_10299.jpg,1074,1155,48,15,1122,1170
00000000000000001000_7769.jpg,511,298,103,22,614,320
00000000000000001000_7769.jpg,2874,1599,181,63,3055,1662
00000000000000001000_16289.jpg,694,528,113,24,807,552
00000000000000001000_16289.jpg,512,1211,198,53,710,1264
00000000000000001000_16289.jpg,3973,1402,115,45,4088,1447
00000000000000001000_6689.jpg,2820,1573,186,65,3006,1638
00000000000000001000_12509.jpg,733,26,60,14,793,40
00000000000000001000_12509.jpg,1759,321,94,20,1853,341
00000000000000001000_12509.jpg,2634,1393,168,54,2802,1447
00000000000000001000_18028.jpg,613,436,103,23,716,459
00000000000000001000_18028.jpg,1773,444,94,20,1867,464
00000000000000001000_18028.jpg,2889,911,117,30,3006,941
00000000000000001000_18028.jpg,2968,1623,186,65,3154,1688
00000000000000001000_1602.jpg,2583,864,113,30,2696,894
00000000000000001000_1602.jpg,190,1206,190,47,380,1253
00000000000000001000_1602.jpg,2378,1308,165,49,2543,1357
00000000000000001000_10384.jpg,1302,677,129,32,1431,709
00000000000000001000_8104.jpg,768,487,109,24,877,511
00000000000000001000_8104.jpg,1989,481,108,28,2097,509
00000000000000001000_8104.jpg,3707,1622,168,67,3875,1689
00000000000000001000_20953.jpg,3456,1291,141,41,3597,1332
00000000000000001000_17047.jpg,1426,315,90,19,1516,334
00000000000000001000_17047.jpg,2328,1307,161,48,2489,1355
00000000000000001000_15571.jpg,3260,1015,137,34,3397,1049
00000000000000001000_15571.jpg,2977,1620,179,66,3156,1686
00000000000000001000_18141.jpg,1090,188,90,16,1180,204
00000000000000001000_18141.jpg,3931,1413,131,46,4062,1459
00000000000000001000_18141.jpg,729,1570,230,53,959,1623
00000000000000001000_18141.jpg,1005,1847,87,84,1092,1931
00000000000000001000_2474.jpg,3305,858,118,31,3423,889
00000000000000001000_2474.jpg,300,1098,184,44,484,1142
00000000000000001000_22785.jpg,1304,1614,224,57,1528,1671
00000000000000001000_21531.jpg,3822,1371,128,46,3950,1417
00000000000000001000_21531.jpg,879,1590,220,64,1099,1654
00000000000000001000_16627.jpg,1248,301,89,19,1337,320
00000000000000001000_16627.jpg,800,483,114,25,914,508
00000000000000001000_16627.jpg,2987,1760,186,70,3173,1830
00000000000000001000_7574.jpg,1270,234,87,23,1357,257
00000000000000001000_7574.jpg,3273,932,76,32,3349,964
00000000000000001000_7574.jpg,2531,1434,180,54,2711,1488
00000000000000001000_7574.jpg,2951,1094,117,24,3068,1118
00000000000000001000_12602.jpg,3620,1235,128,44,3748,1279
00000000000000001000_973.jpg,941,394,107,23,1048,417
00000000000000001000_973.jpg,2034,1134,158,43,2192,1177
00000000000000001000_9959.jpg,2452,1473,184,61,2636,1534
00000000000000001000_7544.jpg,969,116,76,17,1045,133
00000000000000001000_7544.jpg,995,558,121,29,1116,587
00000000000000001000_7544.jpg,2893,1572,208,59,3101,1631
00000000000000001000_16848.jpg,2314,1459,178,55,2492,1514
00000000000000001000_555.jpg,1100,134,75,15,1175,149
00000000000000001000_555.jpg,187,212,84,16,271,228
00000000000000001000_555.jpg,3383,1237,140,39,3523,1276
00000000000000001000_6694.jpg,1520,340,104,20,1624,360
00000000000000001000_6694.jpg,3622,1166,128,39,3750,1205
00000000000000001000_6694.jpg,2690,1609,190,70,2880,1679
00000000000000001000_23346.jpg,2992,1007,128,33,3120,1040
00000000000000001000_7644.jpg,3916,1202,125,44,4041,1246
00000000000000001000_17311.jpg,1979,488,97,23,2076,511
00000000000000001000_17311.jpg,3877,1336,143,46,4020,1382
00000000000000001000_13700.jpg,665,41,68,22,733,63
00000000000000001000_13700.jpg,2543,1386,174,55,2717,1441
00000000000000001000_16418.jpg,937,127,77,17,1014,144
00000000000000001000_16418.jpg,3907,1199,125,43,4032,1242
00000000000000001000_18900.jpg,3066,928,189,52,3255,980
00000000000000001000_18900.jpg,2744,1649,188,60,2932,1709
00000000000000001000_15426.jpg,298,124,83,18,381,142
00000000000000001000_15426.jpg,2832,1573,188,60,3020,1633
00000000000000001000_15556.jpg,3412,1713,160,63,3572,1776
00000000000000001000_22585.jpg,1176,183,81,17,1257,200
00000000000000001000_22585.jpg,1115,620,124,29,1239,649
00000000000000001000_22585.jpg,3088,943,120,32,3208,975
00000000000000001000_20160.jpg,1479,840,135,33,1614,873
00000000000000001000_20160.jpg,2618,1350,177,52,2795,1402
00000000000000001000_362.jpg,713,321,103,23,816,344
00000000000000001000_362.jpg,2494,688,106,25,2600,713
00000000000000001000_362.jpg,2214,1174,168,52,2382,1226
00000000000000001000_2239.jpg,2737,1484,177,59,2914,1543
00000000000000001000_4074.jpg,895,430,93,24,988,454
00000000000000001000_4074.jpg,2436,535,75,23,2511,558
00000000000000001000_4074.jpg,941,1385,194,53,1135,1438
00000000000000001000_4074.jpg,3152,1615,178,66,3330,1681
00000000000000001000_8214.jpg,3425,1356,151,49,3576,1405
00000000000000001000_21614.jpg,287,263,88,18,375,281
00000000000000001000_21614.jpg,3122,1486,124,41,3246,1527
00000000000000001000_21614.jpg,3049,1725,180,65,3229,1790
00000000000000001000_6399.jpg,3873,1143,123,40,3996,1183
00000000000000001000_5934.jpg,917,403,107,22,1024,425
00000000000000001000_5934.jpg,1465,344,87,18,1552,362
00000000000000001000_5934.jpg,488,1359,172,52,660,1411
00000000000000001000_5934.jpg,3788,1230,123,39,3911,1269
00000000000000001000_5934.jpg,3106,1532,170,57,3276,1589
00000000000000001000_13555.jpg,824,372,107,23,931,395
00000000000000001000_13555.jpg,3179,1673,183,64,3362,1737
00000000000000001000_13715.jpg,578,319,98,21,676,340
00000000000000001000_13715.jpg,1171,221,72,20,1243,241
00000000000000001000_13715.jpg,2676,1746,183,68,2859,1814
00000000000000001000_3584.jpg,2918,1789,184,67,3102,1856
00000000000000001000_4934.jpg,568,1462,196,55,764,1517
00000000000000001000_4934.jpg,2827,1490,169,56,2996,1546
00000000000000001000_8474.jpg,3576,1344,94,44,3670,1388
00000000000000001000_8474.jpg,2875,1885,185,69,3060,1954
00000000000000001000_18712.jpg,692,411,112,24,804,435
00000000000000001000_18712.jpg,603,1390,202,51,805,1441
00000000000000001000_18712.jpg,3890,1235,129,42,4019,1277
00000000000000001000_9659.jpg,2430,635,115,26,2545,661
00000000000000001000_9659.jpg,3897,1208,130,45,4027,1253
00000000000000001000_20344.jpg,578,348,104,23,682,371
00000000000000001000_20344.jpg,1943,539,101,23,2044,562
00000000000000001000_2549.jpg,1652,430,94,20,1746,450
00000000000000001000_2549.jpg,2278,1288,168,49,2446,1337
00000000000000001000_5699.jpg,1197,567,118,26,1315,593
00000000000000001000_5699.jpg,3059,892,114,29,3173,921
00000000000000001000_5699.jpg,709,1528,226,64,935,1592
00000000000000001000_5699.jpg,2828,1734,185,59,3013,1793
00000000000000001000_23021.jpg,1080,185,56,16,1136,201
00000000000000001000_23021.jpg,977,549,116,26,1093,575
00000000000000001000_23021.jpg,3359,1793,187,74,3546,1867
00000000000000001000_17286.jpg,3880,1387,135,50,4015,1437
00000000000000001000_8404.jpg,1080,1685,210,64,1290,1749
00000000000000001000_23677.jpg,2427,1375,160,50,2587,1425
00000000000000001000_2116.jpg,789,508,113,24,902,532
00000000000000001000_2116.jpg,2651,649,109,27,2760,676
00000000000000001000_2116.jpg,2911,1529,186,63,3097,1592
00000000000000001000_23016.jpg,1047,188,84,17,1131,205
00000000000000001000_23016.jpg,535,414,100,22,635,436
00000000000000001000_23016.jpg,2342,727,119,28,2461,755
00000000000000001000_23016.jpg,3015,1706,182,68,3197,1774
00000000000000001000_1822.jpg,1077,175,86,18,1163,193
00000000000000001000_1822.jpg,912,519,113,25,1025,544
00000000000000001000_1822.jpg,2935,1888,190,64,3125,1952
00000000000000001000_8224.jpg,756,371,109,22,865,393
00000000000000001000_8224.jpg,3402,1768,184,69,3586,1837
00000000000000001000_18384.jpg,970,237,81,16,1051,253
00000000000000001000_18384.jpg,341,242,91,18,432,260
00000000000000001000_18384.jpg,3966,1296,131,48,4097,1344
00000000000000001000_7919.jpg,2170,768,118,26,2288,794
00000000000000001000_7919.jpg,2451,1374,178,56,2629,1430
00000000000000001000_10129.jpg,1007,662,119,28,1126,690
00000000000000001000_10129.jpg,3887,1402,150,48,4037,1450
00000000000000001000_18567.jpg,706,457,111,24,817,481
00000000000000001000_18567.jpg,1396,277,64,13,1460,290
00000000000000001000_18567.jpg,3830,1226,132,44,3962,1270
00000000000000001000_16153.jpg,758,465,110,22,868,487
00000000000000001000_16153.jpg,489,1569,232,64,721,1633
00000000000000001000_16153.jpg,2659,1628,136,55,2795,1683
00000000000000001000_5679.jpg,1089,1970,247,71,1336,2041
00000000000000001000_5679.jpg,3267,1887,191,72,3458,1959
00000000000000001000_7079.jpg,3457,1560,162,60,3619,1620
00000000000000001000_13032.jpg,1763,924,153,39,1916,963
00000000000000001000_13032.jpg,3972,1377,112,42,4084,1419
00000000000000001000_4119.jpg,1481,276,89,17,1570,293
00000000000000001000_4119.jpg,3622,1147,117,32,3739,1179
00000000000000001000_9774.jpg,2018,945,82,26,2100,971
00000000000000001000_14493.jpg,1353,274,86,20,1439,294
00000000000000001000_14493.jpg,2900,1756,185,64,3085,1820
00000000000000001000_6784.jpg,580,1541,226,62,806,1603
00000000000000001000_6784.jpg,2856,1570,185,65,3041,1635
00000000000000001000_10799.jpg,2462,739,114,29,2576,768
00000000000000001000_10799.jpg,1792,807,137,36,1929,843
00000000000000001000_3979.jpg,2306,712,107,25,2413,737
00000000000000001000_3979.jpg,872,1342,196,54,1068,1396
00000000000000001000_3979.jpg,3172,1494,177,62,3349,1556
00000000000000001000_15491.jpg,521,1230,198,49,719,1279
00000000000000001000_16778.jpg,1403,667,103,54,1506,721
00000000000000001000_16778.jpg,2044,1259,153,43,2197,1302
00000000000000001000_16778.jpg,3516,1092,123,38,3639,1130
00000000000000001000_15730.jpg,2598,1455,183,51,2781,1506
00000000000000001000_15730.jpg,431,1562,210,61,641,1623
00000000000000001000_19780.jpg,2764,1398,172,56,2936,1454
00000000000000001000_1652.jpg,777,431,107,23,884,454
00000000000000001000_1652.jpg,1993,465,97,21,2090,486
00000000000000001000_1652.jpg,4003,1333,89,41,4092,1374
00000000000000001000_6454.jpg,949,106,55,17,1004,123
00000000000000001000_6454.jpg,845,397,110,25,955,422
00000000000000001000_6454.jpg,2175,494,74,25,2249,519
00000000000000001000_6454.jpg,3272,1541,172,58,3444,1599
00000000000000001000_24261.jpg,1914,614,105,25,2019,639
00000000000000001000_24261.jpg,3812,1165,125,41,3937,1206
00000000000000001000_23815.jpg,985,215,78,16,1063,231
00000000000000001000_23815.jpg,546,313,98,21,644,334
00000000000000001000_2679.jpg,3439,1295,133,36,3572,1331
00000000000000001000_2679.jpg,2989,1671,186,62,3175,1733
00000000000000001000_7119.jpg,3968,1215,110,30,4078,1245
00000000000000001000_15070.jpg,1416,418,80,20,1496,438
00000000000000001000_15070.jpg,1189,770,130,33,1319,803
00000000000000001000_15070.jpg,2503,694,107,25,2610,719
00000000000000001000_15070.jpg,3222,1813,173,67,3395,1880
00000000000000001000_13307.jpg,1286,151,77,15,1363,166
00000000000000001000_13307.jpg,2321,529,98,24,2419,553
00000000000000001000_13307.jpg,3004,1601,185,63,3189,1664
00000000000000001000_16962.jpg,824,430,104,22,928,452
00000000000000001000_16962.jpg,3234,1298,223,40,3457,1338
00000000000000001000_16962.jpg,3039,1311,166,40,3205,1351
00000000000000001000_10334.jpg,3484,1343,134,45,3618,1388
00000000000000001000_1467.jpg,2522,1572,188,64,2710,1636
00000000000000001000_13422.jpg,870,131,71,14,941,145
00000000000000001000_13422.jpg,867,434,106,24,973,458
00000000000000001000_13422.jpg,1605,374,97,18,1702,392
00000000000000001000_13422.jpg,2790,1563,178,62,2968,1625
00000000000000001000_3924.jpg,734,357,107,22,841,379
00000000000000001000_3924.jpg,1437,344,86,19,1523,363
00000000000000001000_3924.jpg,3943,1303,131,45,4074,1348
00000000000000001000_3924.jpg,926,1578,234,66,1160,1644
00000000000000001000_20437.jpg,1746,343,91,20,1837,363
00000000000000001000_20437.jpg,2624,1551,187,59,2811,1610
00000000000000001000_2894.jpg,2466,1292,155,46,2621,1338
00000000000000001000_5519.jpg,1144,477,115,25,1259,502
00000000000000001000_5064.jpg,2536,1579,191,65,2727,1644
00000000000000001000_3889.jpg,1541,344,89,18,1630,362
00000000000000001000_3889.jpg,3420,1938,175,68,3595,2006
00000000000000001000_22907.jpg,3469,1419,152,46,3621,1465
00000000000000001000_6309.jpg,2537,1478,185,55,2722,1533
00000000000000001000_19499.jpg,927,47,67,13,994,60
00000000000000001000_19499.jpg,289,170,88,19,377,189
00000000000000001000_19499.jpg,433,1495,207,58,640,1553
00000000000000001000_10444.jpg,1407,259,85,18,1492,277
00000000000000001000_10444.jpg,3824,1340,126,42,3950,1382
00000000000000001000_10444.jpg,766,1514,219,63,985,1577
00000000000000001000_3739.jpg,2713,714,128,29,2841,743
00000000000000001000_3739.jpg,3409,1924,178,64,3587,1988
00000000000000001000_23281.jpg,2503,1519,169,55,2672,1574
00000000000000001000_15845.jpg,3977,1377,110,47,4087,1424
00000000000000001000_10714.jpg,1394,337,90,19,1484,356
00000000000000001000_10714.jpg,991,536,116,27,1107,563
00000000000000001000_10714.jpg,3090,980,121,30,3211,1010
00000000000000001000_8449.jpg,733,393,111,24,844,417
00000000000000001000_8449.jpg,2672,1724,182,63,2854,1787
00000000000000001000_7654.jpg,622,391,102,22,724,413
00000000000000001000_7654.jpg,1615,318,88,20,1703,338
00000000000000001000_7654.jpg,3054,1004,118,33,3172,1037
00000000000000001000_7654.jpg,3026,1869,185,69,3211,1938
00000000000000001000_21865.jpg,579,340,95,20,674,360
00000000000000001000_21865.jpg,1392,325,89,20,1481,345
00000000000000001000_21865.jpg,2811,803,120,32,2931,835
00000000000000001000_21865.jpg,2765,1436,185,50,2950,1486
00000000000000001000_22828.jpg,2441,936,105,28,2546,964
00000000000000001000_22828.jpg,2372,1033,99,19,2471,1052
00000000000000001000_22828.jpg,2332,1259,165,50,2497,1309
00000000000000001000_22828.jpg,3769,1133,127,39,3896,1172
00000000000000001000_3789.jpg,2925,964,133,29,3058,993
00000000000000001000_3789.jpg,3221,1824,182,63,3403,1887
00000000000000001000_820.jpg,604,418,103,22,707,440
00000000000000001000_820.jpg,3044,1811,194,70,3238,1881
00000000000000001000_13437.jpg,3134,1853,180,68,3314,1921
00000000000000001000_18229.jpg,734,49,44,15,778,64
00000000000000001000_18229.jpg,1608,352,96,20,1704,372
00000000000000001000_18229.jpg,1675,979,181,45,1856,1024
00000000000000001000_4509.jpg,3074,1483,174,56,3248,1539
00000000000000001000_17724.jpg,195,55,77,17,272,72
00000000000000001000_17724.jpg,2961,1904,197,64,3158,1968
00000000000000001000_13880.jpg,1961,464,96,21,2057,485
00000000000000001000_13880.jpg,987,604,112,26,1099,630
00000000000000001000_13880.jpg,2755,1697,176,60,2931,1757
00000000000000001000_21245.jpg,1086,518,122,25,1208,543
00000000000000001000_21245.jpg,3147,1764,183,71,3330,1835
00000000000000001000_4084.jpg,943,1385,192,53,1135,1438
00000000000000001000_4084.jpg,3812,1299,141,41,3953,1340
00000000000000001000_18349.jpg,603,440,102,21,705,461
00000000000000001000_18349.jpg,1775,540,95,22,1870,562
00000000000000001000_18349.jpg,2729,1739,184,64,2913,1803
00000000000000001000_16637.jpg,3962,1384,128,47,4090,1431
00000000000000001000_9274.jpg,935,564,110,25,1045,589
00000000000000001000_9274.jpg,2965,1770,179,65,3144,1835
00000000000000001000_14674.jpg,654,310,107,22,761,332
00000000000000001000_14674.jpg,1487,250,88,19,1575,269
00000000000000001000_14674.jpg,3629,1178,145,39,3774,1217
00000000000000001000_14674.jpg,2916,1712,189,68,3105,1780
00000000000000001000_23178.jpg,1088,133,80,16,1168,149
00000000000000001000_23178.jpg,3699,1308,128,43,3827,1351
00000000000000001000_16662.jpg,783,101,71,14,854,115
00000000000000001000_16662.jpg,568,273,94,20,662,293
00000000000000001000_16662.jpg,3117,1488,51,18,3168,1506
00000000000000001000_16662.jpg,3104,1748,188,62,3292,1810
00000000000000001000_7984.jpg,1203,170,81,18,1284,188
00000000000000001000_7984.jpg,2967,1570,175,61,3142,1631
00000000000000001000_12592.jpg,3938,1322,136,48,4074,1370
00000000000000001000_22755.jpg,3974,1599,123,53,4097,1652
00000000000000001000_11084.jpg,183,107,63,14,246,121
00000000000000001000_11084.jpg,2894,801,112,29,3006,830
00000000000000001000_11084.jpg,362,1217,189,50,551,1267
00000000000000001000_11084.jpg,2494,1492,183,58,2677,1550
00000000000000001000_1682.jpg,1076,265,83,19,1159,284
00000000000000001000_1682.jpg,3885,1440,141,49,4026,1489
00000000000000001000_12822.jpg,1322,276,89,19,1411,295
00000000000000001000_12822.jpg,3111,1553,177,66,3288,1619
00000000000000001000_9309.jpg,1706,405,100,23,1806,428
00000000000000001000_6179.jpg,648,1243,191,53,839,1296
00000000000000001000_6179.jpg,3927,1288,135,42,4062,1330
00000000000000001000_20622.jpg,1085,232,77,16,1162,248
00000000000000001000_20622.jpg,3142,1505,171,61,3313,1566
00000000000000001000_6034.jpg,3473,1046,122,34,3595,1080
00000000000000001000_3009.jpg,783,373,105,22,888,395
00000000000000001000_3009.jpg,1969,1108,158,43,2127,1151
00000000000000001000_3009.jpg,467,1633,225,53,692,1686
00000000000000001000_19496.jpg,2644,1616,198,59,2842,1675
00000000000000001000_14280.jpg,1131,140,75,16,1206,156
00000000000000001000_14280.jpg,3441,1178,123,39,3564,1217
00000000000000001000_14280.jpg,1043,1665,239,68,1282,1733
00000000000000001000_23547.jpg,1466,406,95,22,1561,428
00000000000000001000_23547.jpg,897,1700,228,69,1125,1769
00000000000000001000_7764.jpg,3171,1642,165,59,3336,1701
00000000000000001000_16504.jpg,3871,669,78,22,3949,691
00000000000000001000_16504.jpg,3714,1332,146,44,3860,1376
00000000000000001000_7144.jpg,1078,486,114,27,1192,513
00000000000000001000_16027.jpg,814,1715,227,62,1041,1777
00000000000000001000_19451.jpg,589,443,105,22,694,465
00000000000000001000_19451.jpg,1333,214,39,12,1372,226
00000000000000001000_19451.jpg,3849,1186,128,43,3977,1229
00000000000000001000_3644.jpg,2356,634,97,22,2453,656
00000000000000001000_3644.jpg,3905,1393,129,47,4034,1440
00000000000000001000_2764.jpg,406,160,74,19,480,179
00000000000000001000_2764.jpg,1601,284,88,19,1689,303
00000000000000001000_2764.jpg,477,964,164,38,641,1002
00000000000000001000_2764.jpg,3716,1215,130,41,3846,1256
00000000000000001000_10494.jpg,2182,431,58,18,2240,449
00000000000000001000_10494.jpg,3159,1866,177,70,3336,1936
00000000000000001000_24078.jpg,1023,681,117,28,1140,709
00000000000000001000_16428.jpg,2327,577,104,24,2431,601
00000000000000001000_16428.jpg,2800,1563,182,62,2982,1625
00000000000000001000_10744.jpg,864,474,116,27,980,501
00000000000000001000_10744.jpg,1324,272,84,19,1408,291
00000000000000001000_10744.jpg,2433,693,108,26,2541,719
00000000000000001000_10744.jpg,3179,1878,178,70,3357,1948
00000000000000001000_19544.jpg,1016,70,74,15,1090,85
00000000000000001000_19544.jpg,472,323,93,19,565,342
00000000000000001000_19544.jpg,1870,506,94,21,1964,527
00000000000000001000_19544.jpg,1876,933,140,36,2016,969
00000000000000001000_23155.jpg,3500,1034,119,33,3619,1067
00000000000000001000_5309.jpg,2853,1581,196,59,3049,1640
00000000000000001000_4834.jpg,1007,98,76,16,1083,114
00000000000000001000_4834.jpg,2130,610,108,26,2238,636
00000000000000001000_4834.jpg,2758,1488,175,59,2933,1547
00000000000000001000_7784.jpg,415,255,65,19,480,274
00000000000000001000_7784.jpg,3034,1720,188,69,3222,1789
00000000000000001000_5794.jpg,1869,461,99,22,1968,483
00000000000000001000_4904.jpg,2576,1221,166,49,2742,1270
00000000000000001000_9514.jpg,3003,1729,176,62,3179,1791
00000000000000001000_7439.jpg,1088,133,78,20,1166,153
00000000000000001000_7439.jpg,2324,611,108,24,2432,635
00000000000000001000_19805.jpg,1053,148,64,16,1117,164
00000000000000001000_19805.jpg,316,1346,202,52,518,1398
00000000000000001000_19805.jpg,1992,1176,165,47,2157,1223
00000000000000001000_19805.jpg,3968,1121,119,40,4087,1161
00000000000000001000_20173.jpg,1443,212,78,18,1521,230
00000000000000001000_20173.jpg,1109,579,107,24,1216,603
00000000000000001000_20173.jpg,3397,1839,195,66,3592,1905
00000000000000001000_20857.jpg,1971,488,99,22,2070,510
00000000000000001000_20857.jpg,817,1648,228,65,1045,1713
00000000000000001000_9024.jpg,2533,1292,166,50,2699,1342
00000000000000001000_1284.jpg,757,52,67,14,824,66
00000000000000001000_1284.jpg,435,401,102,19,537,420
00000000000000001000_1284.jpg,2896,1620,187,64,3083,1684
00000000000000001000_1409.jpg,3849,1314,130,43,3979,1357
00000000000000001000_20537.jpg,796,121,70,14,866,135
00000000000000001000_20537.jpg,2921,1537,180,59,3101,1596
00000000000000001000_17506.jpg,2601,878,118,29,2719,907
00000000000000001000_17506.jpg,2389,1418,177,57,2566,1475
00000000000000001000_24113.jpg,3084,911,124,31,3208,942
00000000000000001000_15654.jpg,1391,311,90,18,1481,329
00000000000000001000_15654.jpg,2841,1725,183,62,3024,1787
00000000000000001000_8294.jpg,3485,1172,144,43,3629,1215
00000000000000001000_8294.jpg,1161,1531,148,49,1309,1580
00000000000000001000_4519.jpg,570,305,99,21,669,326
00000000000000001000_4519.jpg,2280,1254,158,49,2438,1303
00000000000000001000_7089.jpg,1471,856,142,36,1613,892
00000000000000001000_7089.jpg,3227,927,116,33,3343,960
00000000000000001000_7089.jpg,3037,1731,190,68,3227,1799
00000000000000001000_15466.jpg,1316,355,89,20,1405,375
00000000000000001000_15466.jpg,520,1229,204,50,724,1279
00000000000000001000_15466.jpg,3873,1190,124,42,3997,1232
00000000000000001000_7179.jpg,1022,495,112,26,1134,521
00000000000000001000_7179.jpg,2700,1538,175,58,2875,1596
00000000000000001000_10684.jpg,946,181,82,18,1028,199
00000000000000001000_10684.jpg,1698,860,143,36,1841,896
00000000000000001000_8509.jpg,3080,1657,193,61,3273,1718
00000000000000001000_5414.jpg,422,1112,182,46,604,1158
00000000000000001000_5414.jpg,3486,1159,132,39,3618,1198
00000000000000001000_22655.jpg,2348,634,107,25,2455,659
00000000000000001000_22655.jpg,2062,1164,173,44,2235,1208
00000000000000001000_8399.jpg,2781,1331,170,53,2951,1384
00000000000000001000_8399.jpg,725,1806,244,65,969,1871
00000000000000001000_22590.jpg,27,16,71,15,98,31
00000000000000001000_22590.jpg,543,382,95,21,638,403
00000000000000001000_22590.jpg,1587,364,92,20,1679,384
00000000000000001000_22590.jpg,3363,1105,120,35,3483,1140
00000000000000001000_22590.jpg,2709,1648,177,60,2886,1708
00000000000000001000_5504.jpg,228,792,157,41,385,833
00000000000000001000_5504.jpg,3148,1642,171,61,3319,1703
00000000000000001000_9129.jpg,2122,665,109,24,2231,689
00000000000000001000_9129.jpg,968,1421,206,57,1174,1478
00000000000000001000_9129.jpg,2970,1503,148,54,3118,1557
00000000000000001000_8794.jpg,3845,1115,104,40,3949,1155
00000000000000001000_8794.jpg,738,1844,258,75,996,1919
00000000000000001000_7394.jpg,1110,523,114,24,1224,547
00000000000000001000_7394.jpg,712,1658,223,62,935,1720
00000000000000001000_7394.jpg,2934,1633,201,61,3135,1694
00000000000000001000_6344.jpg,485,252,96,20,581,272
00000000000000001000_6344.jpg,2390,669,114,27,2504,696
00000000000000001000_6344.jpg,906,1603,228,64,1134,1667
00000000000000001000_6344.jpg,3267,1733,189,56,3456,1789
00000000000000001000_24311.jpg,2278,783,117,29,2395,812
00000000000000001000_685.jpg,1372,234,87,19,1459,253
00000000000000001000_685.jpg,897,1551,223,62,1120,1613
00000000000000001000_685.jpg,2762,1561,169,59,2931,1620
00000000000000001000_16499.jpg,338,231,87,18,425,249
00000000000000001000_16499.jpg,3825,1183,126,42,3951,1225
00000000000000001000_1902.jpg,913,514,115,27,1028,541
00000000000000001000_1902.jpg,2863,1719,177,62,3040,1781
00000000000000001000_13227.jpg,1899,490,103,22,2002,512
00000000000000001000_13227.jpg,1228,675,126,29,1354,704
00000000000000001000_13227.jpg,485,1138,191,47,676,1185
00000000000000001000_13227.jpg,3596,1087,129,40,3725,1127
00000000000000001000_13227.jpg,3249,1954,185,71,3434,2025
00000000000000001000_745.jpg,2774,1362,169,55,2943,1417
00000000000000001000_13357.jpg,952,576,111,26,1063,602
00000000000000001000_13357.jpg,667,1358,209,56,876,1414
00000000000000001000_7139.jpg,1381,1635,209,53,1590,1688
00000000000000001000_720.jpg,1160,739,124,29,1284,768
00000000000000001000_720.jpg,3013,971,115,31,3128,1002
00000000000000001000_720.jpg,2896,1674,192,68,3088,1742
00000000000000001000_11724.jpg,1124,1526,214,59,1338,1585
00000000000000001000_22313.jpg,2672,1574,176,61,2848,1635
00000000000000001000_19258.jpg,3890,1263,123,43,4013,1306
00000000000000001000_7789.jpg,2881,1566,182,60,3063,1626
00000000000000001000_18284.jpg,1637,364,95,22,1732,386
00000000000000001000_4019.jpg,2905,1478,186,60,3091,1538
00000000000000001000_6579.jpg,453,1390,210,56,663,1446
00000000000000001000_6579.jpg,2837,1370,167,53,3004,1423
00000000000000001000_4439.jpg,659,316,105,23,764,339
00000000000000001000_4439.jpg,1898,431,102,24,2000,455
00000000000000001000_4439.jpg,3030,1791,177,67,3207,1858
00000000000000001000_2929.jpg,3381,910,125,33,3506,943
00000000000000001000_2719.jpg,2376,1254,161,46,2537,1300
00000000000000001000_2719.jpg,1004,1797,220,67,1224,1864
00000000000000001000_7289.jpg,1839,538,105,24,1944,562
00000000000000001000_7289.jpg,894,1332,208,57,1102,1389
00000000000000001000_7289.jpg,2926,1505,179,59,3105,1564
00000000000000001000_17774.jpg,989,75,61,14,1050,89
00000000000000001000_17774.jpg,691,395,100,20,791,415
00000000000000001000_17774.jpg,2448,617,106,27,2554,644
00000000000000001000_17774.jpg,2944,1709,184,64,3128,1773
00000000000000001000_17233.jpg,3231,1246,149,38,3380,1284
00000000000000001000_17233.jpg,3215,1737,190,68,3405,1805
00000000000000001000_8964.jpg,1470,855,139,35,1609,890
00000000000000001000_8964.jpg,1296,1782,244,77,1540,1859
00000000000000001000_4419.jpg,2931,1486,185,54,3116,1540
00000000000000001000_10059.jpg,535,1657,236,67,771,1724
00000000000000001000_236.jpg,1317,335,89,19,1406,354
00000000000000001000_236.jpg,3038,994,127,32,3165,1026
00000000000000001000_236.jpg,608,1406,198,54,806,1460
00000000000000001000_3359.jpg,1302,305,55,18,1357,323
00000000000000001000_3359.jpg,1937,990,152,38,2089,1028
00000000000000001000_3359.jpg,3836,1418,135,42,3971,1460
00000000000000001000_24073.jpg,3286,1012,118,35,3404,1047
00000000000000001000_2714.jpg,1340,203,81,16,1421,219
00000000000000001000_2714.jpg,1010,556,115,24,1125,580
00000000000000001000_2714.jpg,1009,1798,214,63,1223,1861
00000000000000001000_22720.jpg,703,1338,209,53,912,1391
00000000000000001000_22720.jpg,4006,1258,89,41,4095,1299
00000000000000001000_22106.jpg,1102,1379,200,56,1302,1435
00000000000000001000_13750.jpg,1664,336,97,24,1761,360
00000000000000001000_13750.jpg,1279,1076,154,40,1433,1116
00000000000000001000_13750.jpg,3808,1377,154,45,3962,1422
00000000000000001000_18572.jpg,1173,191,81,16,1254,207
00000000000000001000_18572.jpg,2926,1741,182,68,3108,1809
00000000000000001000_13650.jpg,3839,1268,129,45,3968,1313
00000000000000001000_2234.jpg,932,75,78,16,1010,91
00000000000000001000_2234.jpg,3828,1418,137,40,3965,1458
00000000000000001000_6429.jpg,1723,222,79,66,1802,288
00000000000000001000_6429.jpg,1859,456,94,18,1953,474
00000000000000001000_6429.jpg,3803,1181,123,42,3926,1223
00000000000000001000_3139.jpg,325,156,70,17,395,173
00000000000000001000_3139.jpg,1539,224,87,16,1626,240
00000000000000001000_3139.jpg,830,1390,220,58,1050,1448
00000000000000001000_3139.jpg,3614,1020,118,36,3732,1056
00000000000000001000_24782.jpg,1007,598,124,27,1131,625
00000000000000001000_24782.jpg,771,1578,221,60,992,1638
00000000000000001000_24782.jpg,2692,1733,184,64,2876,1797
00000000000000001000_20875.jpg,518,226,90,18,608,244
00000000000000001000_20875.jpg,1524,401,90,19,1614,420
00000000000000001000_20875.jpg,1166,642,128,30,1294,672
00000000000000001000_20875.jpg,435,1230,192,50,627,1280
00000000000000001000_18940.jpg,3830,1253,130,42,3960,1295
00000000000000001000_17491.jpg,3793,1516,140,49,3933,1565
00000000000000001000_23326.jpg,745,1297,127,49,872,1346
00000000000000001000_23326.jpg,3364,1093,136,38,3500,1131
00000000000000001000_342.jpg,87,79,77,15,164,94
00000000000000001000_342.jpg,2716,671,111,31,2827,702
00000000000000001000_342.jpg,3106,1881,187,72,3293,1953
00000000000000001000_12687.jpg,3403,1189,130,39,3533,1228
00000000000000001000_1023.jpg,1026,149,76,16,1102,165
00000000000000001000_1023.jpg,649,447,104,23,753,470
00000000000000001000_1023.jpg,2582,1657,200,56,2782,1713
00000000000000001000_4014.jpg,3474,1118,130,38,3604,1156
00000000000000001000_2404.jpg,1756,477,95,19,1851,496
00000000000000001000_2404.jpg,2559,988,94,74,2653,1062
00000000000000001000_2404.jpg,3180,1444,65,23,3245,1467
00000000000000001000_2404.jpg,3062,1701,186,71,3248,1772
00000000000000001000_7034.jpg,653,255,94,20,747,275
00000000000000001000_7034.jpg,2045,460,98,27,2143,487
00000000000000001000_7034.jpg,2892,1739,184,62,3076,1801
00000000000000001000_7284.jpg,895,1333,208,56,1103,1389
00000000000000001000_7284.jpg,3608,1272,137,43,3745,1315
00000000000000001000_24246.jpg,2754,921,125,35,2879,956
00000000000000001000_4094.jpg,1714,355,90,20,1804,375
00000000000000001000_4094.jpg,1543,855,144,37,1687,892
00000000000000001000_4094.jpg,3820,1232,102,37,3922,1269
00000000000000001000_13905.jpg,3051,1721,186,68,3237,1789
00000000000000001000_23730.jpg,513,434,102,22,615,456
00000000000000001000_23730.jpg,1650,1164,151,44,1801,1208
00000000000000001000_23730.jpg,3782,1235,129,40,3911,1275
00000000000000001000_21220.jpg,1374,229,81,17,1455,246
00000000000000001000_21220.jpg,763,1403,208,56,971,1459
00000000000000001000_21220.jpg,3977,1375,115,43,4092,1418
00000000000000001000_10599.jpg,962,485,116,26,1078,511
00000000000000001000_10599.jpg,2837,1668,194,68,3031,1736
00000000000000001000_3984.jpg,3071,896,117,32,3188,928
00000000000000001000_3984.jpg,873,1342,195,54,1068,1396
00000000000000001000_18607.jpg,1019,175,73,15,1092,190
00000000000000001000_18607.jpg,1166,665,122,29,1288,694
00000000000000001000_18607.jpg,593,1559,216,60,809,1619
00000000000000001000_11543.jpg,2724,997,128,33,2852,1030
00000000000000001000_12529.jpg,1052,181,80,17,1132,198
00000000000000001000_12529.jpg,2803,1546,163,57,2966,1603
00000000000000001000_15546.jpg,2023,1376,165,49,2188,1425
00000000000000001000_17661.jpg,1091,98,73,19,1164,117
00000000000000001000_17661.jpg,2193,525,95,24,2288,549
00000000000000001000_17661.jpg,785,1685,214,65,999,1750
00000000000000001000_6634.jpg,3977,1453,110,40,4087,1493
00000000000000001000_5399.jpg,423,1112,181,46,604,1158
00000000000000001000_11097.jpg,2082,1170,162,45,2244,1215
00000000000000001000_11097.jpg,3317,1079,129,39,3446,1118
00000000000000001000_9289.jpg,3992,1379,97,35,4089,1414
00000000000000001000_24592.jpg,2783,1386,178,31,2961,1417
00000000000000001000_24592.jpg,2771,1464,173,51,2944,1515
00000000000000001000_24637.jpg,1222,804,127,32,1349,836
00000000000000001000_24637.jpg,2356,742,113,28,2469,770
00000000000000001000_24637.jpg,3160,1944,190,73,3350,2017
00000000000000001000_16952.jpg,687,318,105,22,792,340
00000000000000001000_16952.jpg,2440,132,286,128,2726,260
00000000000000001000_16952.jpg,1947,623,79,25,2026,648
00000000000000001000_16952.jpg,3545,1011,87,24,3632,1035
00000000000000001000_16952.jpg,3340,1018,104,26,3444,1044
00000000000000001000_16952.jpg,3361,1739,177,69,3538,1808
00000000000000001000_22882.jpg,950,467,118,24,1068,491
00000000000000001000_22882.jpg,1473,207,80,17,1553,224
00000000000000001000_22882.jpg,2960,817,111,29,3071,846
00000000000000001000_22882.jpg,3125,1730,189,68,3314,1798
00000000000000001000_13392.jpg,668,1358,209,56,877,1414
00000000000000001000_13392.jpg,2451,1530,175,55,2626,1585
00000000000000001000_6779.jpg,829,1803,249,74,1078,1877
00000000000000001000_7724.jpg,1723,327,91,20,1814,347
00000000000000001000_7724.jpg,1176,723,125,28,1301,751
00000000000000001000_7724.jpg,3178,882,115,33,3293,915
00000000000000001000_7724.jpg,2978,1629,184,64,3162,1693
00000000000000001000_7569.jpg,1346,199,70,17,1416,216
00000000000000001000_7569.jpg,2517,1378,179,57,2696,1435
00000000000000001000_7569.jpg,3471,1132,130,40,3601,1172
00000000000000001000_1557.jpg,123,93,68,16,191,109
00000000000000001000_1557.jpg,1064,147,73,15,1137,162
00000000000000001000_1557.jpg,1618,395,92,21,1710,416
00000000000000001000_1557.jpg,866,563,115,25,981,588
00000000000000001000_1557.jpg,2534,862,114,31,2648,893
00000000000000001000_1557.jpg,2719,1567,176,60,2895,1627
00000000000000001000_17889.jpg,2005,1552,195,53,2200,1605
00000000000000001000_6974.jpg,1372,235,86,18,1458,253
00000000000000001000_6974.jpg,2943,1753,165,63,3108,1816
00000000000000001000_8844.jpg,1371,1352,204,52,1575,1404
00000000000000001000_5119.jpg,905,426,113,25,1018,451
00000000000000001000_13550.jpg,2534,647,111,26,2645,673
00000000000000001000_13550.jpg,3062,1599,184,66,3246,1665
00000000000000001000_20379.jpg,3312,1516,158,56,3470,1572
00000000000000001000_6569.jpg,3717,1317,139,44,3856,1361
00000000000000001000_8639.jpg,3725,1264,137,45,3862,1309
00000000000000001000_15120.jpg,3975,1300,113,46,4088,1346
00000000000000001000_24887.jpg,3646,1292,129,42,3775,1334
00000000000000001000_8564.jpg,3029,1640,200,67,3229,1707
00000000000000001000_15050.jpg,628,320,84,21,712,341
00000000000000001000_15050.jpg,1407,448,97,22,1504,470
00000000000000001000_15050.jpg,2673,770,116,29,2789,799
00000000000000001000_15050.jpg,2745,1519,188,62,2933,1581
00000000000000001000_5919.jpg,3391,986,125,35,3516,1021
00000000000000001000_3954.jpg,1042,512,115,25,1157,537
00000000000000001000_3954.jpg,873,1342,194,54,1067,1396
00000000000000001000_16891.jpg,3965,1301,120,44,4085,1345
00000000000000001000_22343.jpg,3917,1396,131,47,4048,1443
00000000000000001000_11797.jpg,2105,1478,175,56,2280,1534
00000000000000001000_6009.jpg,1859,330,97,21,1956,351
00000000000000001000_7124.jpg,1180,143,78,19,1258,162
00000000000000001000_7124.jpg,2764,1368,168,53,2932,1421
00000000000000001000_24572.jpg,1168,244,83,16,1251,260
00000000000000001000_24572.jpg,2277,629,103,25,2380,654
00000000000000001000_24572.jpg,2743,1464,181,54,2924,1518
00000000000000001000_8539.jpg,1367,265,85,18,1452,283
00000000000000001000_4494.jpg,447,361,63,21,510,382
00000000000000001000_4494.jpg,3316,1117,123,35,3439,1152
00000000000000001000_11641.jpg,618,285,95,20,713,305
00000000000000001000_11641.jpg,2789,1436,166,52,2955,1488
00000000000000001000_23617.jpg,195,122,82,16,277,138
00000000000000001000_23617.jpg,984,178,77,15,1061,193
00000000000000001000_23617.jpg,1835,548,100,24,1935,572
00000000000000001000_23617.jpg,3376,1021,123,35,3499,1056
00000000000000001000_23617.jpg,2698,1501,180,61,2878,1562
00000000000000001000_9914.jpg,1405,247,88,20,1493,267
00000000000000001000_9914.jpg,3706,1325,137,42,3843,1367
00000000000000001000_24882.jpg,2980,1475,160,56,3140,1531
00000000000000001000_12847.jpg,1054,617,122,28,1176,645
00000000000000001000_12847.jpg,1619,517,101,22,1720,539
00000000000000001000_12847.jpg,2880,1639,186,66,3066,1705
00000000000000001000_7164.jpg,2510,640,106,26,2616,666
00000000000000001000_7164.jpg,1665,753,136,30,1801,783
00000000000000001000_7164.jpg,3300,1781,176,64,3476,1845
00000000000000001000_15516.jpg,3369,1412,144,48,3513,1460
00000000000000001000_13995.jpg,3811,1093,127,39,3938,1132
00000000000000001000_15740.jpg,430,1563,210,60,640,1623
00000000000000001000_7354.jpg,916,551,115,26,1031,577
00000000000000001000_7354.jpg,2724,1866,190,72,2914,1938
00000000000000001000_19079.jpg,1159,208,83,18,1242,226
00000000000000001000_19079.jpg,1307,729,120,28,1427,757
00000000000000001000_19079.jpg,410,1389,201,49,611,1438
00000000000000001000_19079.jpg,3225,1068,119,34,3344,1102
00000000000000001000_19079.jpg,3165,1874,182,69,3347,1943
00000000000000001000_11684.jpg,820,372,102,22,922,394
00000000000000001000_11684.jpg,2731,1664,150,55,2881,1719
00000000000000001000_14844.jpg,547,379,105,23,652,402
00000000000000001000_14844.jpg,2751,1759,186,64,2937,1823
00000000000000001000_24757.jpg,922,110,83,18,1005,128
00000000000000001000_24757.jpg,2857,1832,185,68,3042,1900
00000000000000001000_18214.jpg,763,50,71,14,834,64
00000000000000001000_18214.jpg,1607,392,94,22,1701,414
00000000000000001000_22615.jpg,3881,1169,120,41,4001,1210
00000000000000001000_10554.jpg,3554,1080,132,37,3686,1117
00000000000000001000_750.jpg,2694,1376,178,55,2872,1431
00000000000000001000_23394.jpg,900,79,74,14,974,93
00000000000000001000_23394.jpg,1744,409,95,21,1839,430
00000000000000001000_23394.jpg,1372,785,128,32,1500,817
00000000000000001000_23394.jpg,3693,1144,127,37,3820,1181
00000000000000001000_570.jpg,680,26,72,14,752,40
00000000000000001000_570.jpg,3621,1199,128,37,3749,1236
00000000000000001000_570.jpg,2985,1521,165,58,3150,1579
00000000000000001000_23266.jpg,913,64,71,15,984,79
00000000000000001000_23266.jpg,1796,436,97,23,1893,459
00000000000000001000_19986.jpg,706,1423,211,56,917,1479
00000000000000001000_19986.jpg,3060,1812,181,67,3241,1879
00000000000000001000_5189.jpg,803,319,103,22,906,341
00000000000000001000_5189.jpg,2710,1474,185,62,2895,1536
00000000000000001000_6339.jpg,1228,303,125,23,1353,326
00000000000000001000_6339.jpg,1226,356,190,22,1416,378
00000000000000001000_6339.jpg,1247,682,132,32,1379,714
00000000000000001000_6339.jpg,926,1617,231,64,1157,1681
00000000000000001000_13142.jpg,607,252,94,20,701,272
00000000000000001000_13142.jpg,2472,683,112,24,2584,707
00000000000000001000_13142.jpg,840,1392,177,45,1017,1437
00000000000000001000_10179.jpg,1219,355,90,20,1309,375
00000000000000001000_10179.jpg,3082,1615,185,69,3267,1684
00000000000000001000_8909.jpg,2017,523,98,22,2115,545
00000000000000001000_8909.jpg,548,1356,205,56,753,1412
00000000000000001000_8909.jpg,3490,1571,179,61,3669,1632
00000000000000001000_550.jpg,225,99,79,17,304,116
00000000000000001000_550.jpg,817,389,109,24,926,413
00000000000000001000_550.jpg,1333,295,96,19,1429,314
00000000000000001000_550.jpg,1995,1299,161,49,2156,1348
00000000000000001000_550.jpg,3683,1148,121,40,3804,1188
00000000000000001000_14010.jpg,1360,143,78,17,1438,160
00000000000000001000_14010.jpg,961,552,117,28,1078,580
00000000000000001000_14010.jpg,873,1698,236,68,1109,1766
00000000000000001000_11917.jpg,486,351,94,21,580,372
00000000000000001000_11917.jpg,2978,1676,186,63,3164,1739
00000000000000001000_5879.jpg,1372,762,125,29,1497,791
00000000000000001000_5879.jpg,3575,1152,137,40,3712,1192
00000000000000001000_5879.jpg,3293,1636,179,65,3472,1701
00000000000000001000_23130.jpg,947,667,127,27,1074,694
00000000000000001000_23130.jpg,3834,1137,103,39,3937,1176
00000000000000001000_14428.jpg,910,176,76,16,986,192
00000000000000001000_14428.jpg,2771,847,76,29,2847,876
00000000000000001000_14428.jpg,2882,1732,189,62,3071,1794
00000000000000001000_9964.jpg,2454,1393,174,54,2628,1447
00000000000000001000_9689.jpg,793,492,120,24,913,516
00000000000000001000_9689.jpg,1529,299,90,20,1619,319
00000000000000001000_9689.jpg,901,1783,252,72,1153,1855
00000000000000001000_9689.jpg,3684,1804,178,71,3862,1875
00000000000000001000_3399.jpg,3525,1328,141,38,3666,1366
00000000000000001000_11787.jpg,1740,378,94,20,1834,398
00000000000000001000_11787.jpg,2913,907,122,33,3035,940
00000000000000001000_11787.jpg,2509,1536,178,60,2687,1596
00000000000000001000_15795.jpg,1043,122,74,16,1117,138
00000000000000001000_15795.jpg,841,419,108,23,949,442
00000000000000001000_15795.jpg,1931,581,101,23,2032,604
00000000000000001000_15795.jpg,1059,1687,181,65,1240,1752
00000000000000001000_15795.jpg,3066,1728,177,68,3243,1796
00000000000000001000_7734.jpg,926,403,108,24,1034,427
00000000000000001000_7734.jpg,2922,1539,187,63,3109,1602
00000000000000001000_14145.jpg,3509,1118,131,38,3640,1156
00000000000000001000_8684.jpg,2235,719,115,29,2350,748
00000000000000001000_5419.jpg,422,1112,182,47,604,1159
00000000000000001000_5419.jpg,2258,1402,167,53,2425,1455
00000000000000001000_14581.jpg,574,264,98,21,672,285
00000000000000001000_14581.jpg,3620,1163,135,38,3755,1201
00000000000000001000_14581.jpg,3137,1859,178,68,3315,1927
00000000000000001000_885.jpg,3168,1541,172,60,3340,1601
00000000000000001000_5489.jpg,242,803,160,41,402,844
00000000000000001000_5489.jpg,2617,1339,173,53,2790,1392
00000000000000001000_18905.jpg,3840,1243,140,44,3980,1287
00000000000000001000_11817.jpg,549,219,89,19,638,238
00000000000000001000_11817.jpg,1418,267,84,17,1502,284
00000000000000001000_11817.jpg,3986,1155,107,41,4093,1196
00000000000000001000_11817.jpg,3284,1555,174,64,3458,1619
00000000000000001000_16687.jpg,738,28,67,14,805,42
00000000000000001000_16687.jpg,3244,1559,175,62,3419,1621
00000000000000001000_24762.jpg,2450,1383,175,53,2625,1436
00000000000000001000_15095.jpg,3285,1227,130,39,3415,1266
00000000000000001000_15095.jpg,2284,1571,202,62,2486,1633
00000000000000001000_12632.jpg,282,187,84,18,366,205
00000000000000001000_12632.jpg,251,1404,210,54,461,1458
00000000000000001000_12632.jpg,2792,1401,176,56,2968,1457
00000000000000001000_14904.jpg,1495,364,94,20,1589,384
00000000000000001000_14904.jpg,3659,1240,127,40,3786,1280
00000000000000001000_1078.jpg,935,166,73,15,1008,181
00000000000000001000_1078.jpg,427,279,95,20,522,299
00000000000000001000_1078.jpg,2864,1748,187,64,3051,1812
00000000000000001000_19253.jpg,396,215,90,18,486,233
00000000000000001000_19253.jpg,2752,1731,192,63,2944,1794
00000000000000001000_6144.jpg,466,283,96,22,562,305
00000000000000001000_6144.jpg,1691,385,94,19,1785,404
00000000000000001000_6144.jpg,3954,1170,130,40,4084,1210
00000000000000001000_24732.jpg,237,153,92,20,329,173
00000000000000001000_24732.jpg,1380,376,90,20,1470,396
00000000000000001000_24732.jpg,3621,1183,130,40,3751,1223
00000000000000001000_24732.jpg,2802,1763,180,60,2982,1823
00000000000000001000_20502.jpg,376,191,90,18,466,209
00000000000000001000_20502.jpg,1806,525,96,21,1902,546
00000000000000001000_18582.jpg,781,502,110,25,891,527
00000000000000001000_18582.jpg,2110,583,104,25,2214,608
00000000000000001000_18582.jpg,2347,1477,179,58,2526,1535
00000000000000001000_23935.jpg,152,87,75,14,227,101
00000000000000001000_23935.jpg,3192,1132,127,38,3319,1170
00000000000000001000_23935.jpg,2401,1579,173,57,2574,1636
00000000000000001000_715.jpg,850,95,70,13,920,108
00000000000000001000_715.jpg,1732,1065,145,39,1877,1104
00000000000000001000_715.jpg,3864,1323,124,42,3988,1365
00000000000000001000_2954.jpg,1232,92,81,18,1313,110
00000000000000001000_2954.jpg,601,1242,136,46,737,1288
00000000000000001000_2954.jpg,3638,1358,139,52,3777,1410
00000000000000001000_15328.jpg,3981,1439,104,47,4085,1486
00000000000000001000_8134.jpg,3744,1286,129,41,3873,1327
00000000000000001000_5269.jpg,619,1234,195,52,814,1286
00000000000000001000_5269.jpg,3578,1587,171,64,3749,1651
00000000000000001000_7489.jpg,1760,401,98,20,1858,421
00000000000000001000_7489.jpg,3850,1267,138,42,3988,1309
00000000000000001000_11772.jpg,84,105,74,14,158,119
00000000000000001000_11772.jpg,1024,155,76,16,1100,171
00000000000000001000_11772.jpg,635,467,108,22,743,489
00000000000000001000_11772.jpg,1899,576,106,23,2005,599
00000000000000001000_18880.jpg,1086,248,83,17,1169,265
00000000000000001000_18880.jpg,2299,1422,177,57,2476,1479
00000000000000001000_18880.jpg,3640,1099,124,36,3764,1135
00000000000000001000_3784.jpg,876,450,120,26,996,476
00000000000000001000_3784.jpg,3475,1100,122,37,3597,1137
00000000000000001000_3784.jpg,2733,1596,179,65,2912,1661
00000000000000001000_412.jpg,1719,377,98,20,1817,397
00000000000000001000_412.jpg,3659,1242,122,38,3781,1280
00000000000000001000_412.jpg,2972,1536,161,56,3133,1592
00000000000000001000_91.jpg,933,35,69,14,1002,49
00000000000000001000_91.jpg,2530,710,111,26,2641,736
00000000000000001000_91.jpg,1309,695,111,30,1420,725
00000000000000001000_91.jpg,2619,1627,185,58,2804,1685
00000000000000001000_10934.jpg,1681,427,91,19,1772,446
00000000000000001000_10934.jpg,982,1663,229,64,1211,1727
00000000000000001000_4529.jpg,3584,692,226,43,3810,735
00000000000000001000_4529.jpg,559,1018,171,42,730,1060
00000000000000001000_4529.jpg,3388,1084,130,36,3518,1120
00000000000000001000_23930.jpg,271,145,82,17,353,162
00000000000000001000_23930.jpg,3593,1297,112,40,3705,1337
00000000000000001000_23930.jpg,2964,1919,189,71,3153,1990
00000000000000001000_16768.jpg,3938,1342,132,42,4070,1384
00000000000000001000_10254.jpg,3759,1188,132,43,3891,1231
00000000000000001000_10254.jpg,949,1832,250,77,1199,1909
00000000000000001000_12802.jpg,597,290,95,20,692,310
00000000000000001000_12802.jpg,2462,1488,173,55,2635,1543
00000000000000001000_16489.jpg,1873,565,72,23,1945,588
00000000000000001000_16489.jpg,3876,1390,135,45,4011,1435
00000000000000001000_3209.jpg,2563,773,115,25,2678,798
00000000000000001000_3209.jpg,3678,1679,163,59,3841,1738
00000000000000001000_17749.jpg,3919,1297,137,46,4056,1343
00000000000000001000_11561.jpg,710,458,107,24,817,482
00000000000000001000_11561.jpg,1766,474,102,23,1868,497
00000000000000001000_11561.jpg,3799,1200,128,42,3927,1242
00000000000000001000_6699.jpg,756,497,118,28,874,525
00000000000000001000_6699.jpg,2279,632,108,26,2387,658
00000000000000001000_6699.jpg,3011,1677,182,65,3193,1742
00000000000000001000_15208.jpg,950,91,74,15,1024,106
00000000000000001000_15208.jpg,444,356,100,20,544,376
00000000000000001000_15208.jpg,342,1301,200,54,542,1355
00000000000000001000_15208.jpg,3146,1712,185,71,3331,1783
00000000000000001000_7409.jpg,713,1658,222,61,935,1719
00000000000000001000_3914.jpg,1736,402,97,27,1833,429
00000000000000001000_3914.jpg,3642,1250,125,36,3767,1286
00000000000000001000_10704.jpg,3907,1375,140,43,4047,1418
00000000000000001000_2012.jpg,2964,1616,187,64,3151,1680
00000000000000001000_16367.jpg,2386,706,109,28,2495,734
00000000000000001000_16367.jpg,2384,1446,171,53,2555,1499
00000000000000001000_1887.jpg,1122,653,127,28,1249,681
00000000000000001000_1887.jpg,3213,1848,196,76,3409,1924
00000000000000001000_19441.jpg,597,385,101,21,698,406
00000000000000001000_19441.jpg,2102,550,106,25,2208,575
00000000000000001000_19441.jpg,2672,1548,179,60,2851,1608
00000000000000001000_800.jpg,2861,863,118,33,2979,896
00000000000000001000_20827.jpg,1461,1426,199,57,1660,1483
00000000000000001000_20827.jpg,3830,1253,125,42,3955,1295
00000000000000001000_18314.jpg,3907,1406,132,47,4039,1453
00000000000000001000_16818.jpg,3723,921,142,34,3865,955
00000000000000001000_16818.jpg,546,1107,180,45,726,1152
00000000000000001000_4384.jpg,3062,813,118,28,3180,841
00000000000000001000_4384.jpg,601,1349,205,54,806,1403
00000000000000001000_4384.jpg,2520,1263,169,52,2689,1315
00000000000000001000_560.jpg,2396,962,135,36,2531,998
00000000000000001000_17739.jpg,2940,1472,152,65,3092,1537
00000000000000001000_8829.jpg,1559,314,97,22,1656,336
00000000000000001000_8829.jpg,964,504,106,24,1070,528
00000000000000001000_8829.jpg,2825,1539,184,61,3009,1600
00000000000000001000_6109.jpg,2945,1087,124,36,3069,1123
00000000000000001000_17052.jpg,571,290,89,18,660,308
00000000000000001000_17052.jpg,1880,475,98,23,1978,498
00000000000000001000_1957.jpg,1469,310,88,18,1557,328
00000000000000001000_1957.jpg,878,545,110,26,988,571
00000000000000001000_1957.jpg,3428,1092,126,39,3554,1131
00000000000000001000_1957.jpg,3314,1737,180,68,3494,1805
00000000000000001000_2409.jpg,714,395,107,24,821,419
00000000000000001000_2409.jpg,1646,337,93,21,1739,358
00000000000000001000_2409.jpg,2822,1629,179,61,3001,1690
00000000000000001000_1742.jpg,93,134,79,16,172,150
00000000000000001000_1742.jpg,1796,395,99,20,1895,415
00000000000000001000_1742.jpg,2887,1656,184,62,3071,1718
00000000000000001000_13690.jpg,1105,192,81,17,1186,209
00000000000000001000_13690.jpg,3067,1609,178,66,3245,1675
00000000000000001000_3989.jpg,814,399,101,22,915,421
00000000000000001000_3989.jpg,1601,328,94,21,1695,349
00000000000000001000_3989.jpg,3174,1915,183,71,3357,1986
00000000000000001000_14714.jpg,3610,1215,125,41,3735,1256
00000000000000001000_14714.jpg,383,1555,216,61,599,1616
00000000000000001000_6099.jpg,1638,392,74,47,1712,439
00000000000000001000_6099.jpg,2404,699,112,27,2516,726
00000000000000001000_6099.jpg,3010,1660,185,63,3195,1723
00000000000000001000_15810.jpg,1230,684,123,29,1353,713
00000000000000001000_15810.jpg,2904,879,143,75,3047,954
00000000000000001000_15810.jpg,3625,1216,91,29,3716,1245
00000000000000001000_15810.jpg,1013,1686,226,72,1239,1758
00000000000000001000_2269.jpg,1986,509,102,23,2088,532
00000000000000001000_2269.jpg,2365,1184,154,43,2519,1227
00000000000000001000_19647.jpg,3619,1057,94,77,3713,1134
00000000000000001000_17140.jpg,830,338,106,23,936,361
00000000000000001000_17140.jpg,2663,561,114,67,2777,628
00000000000000001000_17140.jpg,3021,500,127,76,3148,576
00000000000000001000_17140.jpg,2999,1863,187,69,3186,1932
00000000000000001000_9654.jpg,296,811,163,37,459,848
00000000000000001000_9654.jpg,3819,1323,137,46,3956,1369
00000000000000001000_450.jpg,2914,840,115,29,3029,869
00000000000000001000_22660.jpg,672,369,111,21,783,390
00000000000000001000_22660.jpg,1430,260,87,20,1517,280
00000000000000001000_22660.jpg,2243,649,109,26,2352,675
00000000000000001000_19278.jpg,1007,146,74,15,1081,161
00000000000000001000_19278.jpg,2078,548,103,25,2181,573
00000000000000001000_655.jpg,1783,400,95,21,1878,421
00000000000000001000_655.jpg,908,572,127,27,1035,599
00000000000000001000_655.jpg,2571,1683,183,61,2754,1744
00000000000000001000_11852.jpg,575,409,108,24,683,433
00000000000000001000_11852.jpg,2859,1682,186,63,3045,1745
00000000000000001000_17879.jpg,961,498,118,27,1079,525
00000000000000001000_17879.jpg,2883,1630,176,64,3059,1694
00000000000000001000_5234.jpg,378,1356,208,55,586,1411
00000000000000001000_5234.jpg,3389,1093,131,39,3520,1132
00000000000000001000_13122.jpg,3090,1788,183,59,3273,1847
00000000000000001000_17135.jpg,262,1057,175,45,437,1102
00000000000000001000_17135.jpg,2682,1256,156,48,2838,1304
00000000000000001000_11295.jpg,885,594,119,26,1004,620
00000000000000001000_11295.jpg,2450,743,110,26,2560,769
00000000000000001000_11295.jpg,3128,1619,184,66,3312,1685
00000000000000001000_13037.jpg,1021,157,74,15,1095,172
00000000000000001000_13037.jpg,2992,1610,184,63,3176,1673
00000000000000001000_22993.jpg,828,116,73,16,901,132
00000000000000001000_22993.jpg,180,166,84,16,264,182
00000000000000001000_22993.jpg,2140,544,106,24,2246,568
00000000000000001000_22993.jpg,2810,1412,168,56,2978,1468
00000000000000001000_5034.jpg,722,456,111,22,833,478
00000000000000001000_5034.jpg,2254,649,109,27,2363,676
00000000000000001000_5034.jpg,2833,1553,180,62,3013,1615
00000000000000001000_17326.jpg,1381,350,87,18,1468,368
00000000000000001000_17326.jpg,1990,1087,157,45,2147,1132
00000000000000001000_17326.jpg,3883,1145,124,41,4007,1186
00000000000000001000_15017.jpg,1780,540,99,24,1879,564
00000000000000001000_15017.jpg,3058,1713,166,68,3224,1781
00000000000000001000_22164.jpg,1150,186,84,18,1234,204
00000000000000001000_22164.jpg,2464,1418,181,55,2645,1473
00000000000000001000_22164.jpg,2650,1113,268,60,2918,1173
00000000000000001000_22164.jpg,3975,1459,121,45,4096,1504
00000000000000001000_20707.jpg,2785,1443,175,58,2960,1501
00000000000000001000_4654.jpg,523,288,101,20,624,308
00000000000000001000_4654.jpg,474,1048,180,44,654,1092
00000000000000001000_4654.jpg,3651,1162,137,38,3788,1200
00000000000000001000_4654.jpg,2667,1578,181,60,2848,1638
00000000000000001000_23973.jpg,872,58,70,14,942,72
00000000000000001000_23973.jpg,3365,1192,129,35,3494,1227
00000000000000001000_23532.jpg,2540,786,112,28,2652,814
00000000000000001000_23532.jpg,1653,977,148,41,1801,1018
00000000000000001000_23532.jpg,897,1701,228,68,1125,1769
00000000000000001000_530.jpg,827,125,65,15,892,140
00000000000000001000_530.jpg,328,301,94,18,422,319
00000000000000001000_530.jpg,1499,953,141,37,1640,990
00000000000000001000_16667.jpg,697,49,67,15,764,64
00000000000000001000_16667.jpg,2940,1421,170,58,3110,1479
00000000000000001000_11254.jpg,1375,307,89,18,1464,325
00000000000000001000_11254.jpg,3898,1230,125,44,4023,1274
00000000000000001000_8239.jpg,2630,1670,199,67,2829,1737
00000000000000001000_23228.jpg,3322,1241,134,38,3456,1279
00000000000000001000_22376.jpg,3034,918,127,32,3161,950
00000000000000001000_22376.jpg,2281,1345,175,52,2456,1397
00000000000000001000_21885.jpg,3741,1234,137,44,3878,1278
00000000000000001000_10539.jpg,1553,398,95,22,1648,420
00000000000000001000_18234.jpg,1385,375,89,20,1474,395
00000000000000001000_18234.jpg,2913,1796,186,66,3099,1862
00000000000000001000_22156.jpg,2194,1146,159,41,2353,1187
00000000000000001000_22156.jpg,3460,1155,152,42,3612,1197
00000000000000001000_17526.jpg,2052,1221,157,46,2209,1267
00000000000000001000_17526.jpg,3972,1191,123,41,4095,1232
00000000000000001000_7059.jpg,697,338,108,24,805,362
00000000000000001000_7059.jpg,2861,902,119,32,2980,934
00000000000000001000_7059.jpg,2872,1571,177,61,3049,1632
00000000000000001000_6324.jpg,2371,716,111,28,2482,744
00000000000000001000_6324.jpg,2665,1469,178,60,2843,1529
00000000000000001000_14919.jpg,2642,755,113,28,2755,783
00000000000000001000_14919.jpg,2760,1587,179,64,2939,1651
00000000000000001000_1103.jpg,123,85,73,16,196,101
00000000000000001000_1103.jpg,529,460,47,40,576,500
00000000000000001000_1103.jpg,1601,380,94,22,1695,402
00000000000000001000_1103.jpg,3382,1147,127,38,3509,1185
00000000000000001000_1103.jpg,2825,1735,186,65,3011,1800
00000000000000001000_1121.jpg,781,474,107,24,888,498
00000000000000001000_1121.jpg,1737,510,103,23,1840,533
00000000000000001000_1121.jpg,3004,1894,178,66,3182,1960
00000000000000001000_2088.jpg,3111,1616,174,65,3285,1681
00000000000000001000_20792.jpg,3945,1391,127,44,4072,1435
00000000000000001000_9119.jpg,1143,113,64,20,1207,133
00000000000000001000_9119.jpg,1158,520,83,26,1241,546
00000000000000001000_9119.jpg,3010,953,129,33,3139,986
00000000000000001000_9119.jpg,3006,1620,185,66,3191,1686
00000000000000001000_7929.jpg,2940,1674,175,64,3115,1738
00000000000000001000_22030.jpg,773,62,59,13,832,75
00000000000000001000_22030.jpg,381,89,78,16,459,105
00000000000000001000_22030.jpg,3996,1186,91,42,4087,1228
00000000000000001000_15406.jpg,990,80,71,14,1061,94
00000000000000001000_15406.jpg,3248,1747,174,52,3422,1799
00000000000000001000_9739.jpg,1358,267,88,20,1446,287
00000000000000001000_19028.jpg,657,390,105,22,762,412
00000000000000001000_19028.jpg,3160,933,121,33,3281,966
00000000000000001000_19028.jpg,669,1785,226,65,895,1850
00000000000000001000_19028.jpg,2886,1691,187,69,3073,1760
00000000000000001000_15022.jpg,2975,1875,188,71,3163,1946
00000000000000001000_12612.jpg,883,50,71,15,954,65
00000000000000001000_12612.jpg,1929,554,104,24,2033,578
00000000000000001000_12612.jpg,251,1404,211,54,462,1458
00000000000000001000_12612.jpg,3322,1910,178,71,3500,1981
00000000000000001000_22338.jpg,3145,1017,130,38,3275,1055
00000000000000001000_12403.jpg,2671,1517,194,62,2865,1579
00000000000000001000_16549.jpg,3709,1204,132,38,3841,1242
00000000000000001000_13517.jpg,419,240,87,18,506,258
00000000000000001000_13517.jpg,3004,1788,183,64,3187,1852
00000000000000001000_13930.jpg,126,94,70,18,196,112
00000000000000001000_13930.jpg,1168,296,83,18,1251,314
00000000000000001000_13930.jpg,2888,1828,161,67,3049,1895
00000000000000001000_7029.jpg,1821,420,99,22,1920,442
00000000000000001000_7029.jpg,2000,968,146,39,2146,1007
00000000000000001000_12877.jpg,3698,1499,148,58,3846,1557
00000000000000001000_22857.jpg,2445,662,103,26,2548,688
00000000000000001000_22857.jpg,1432,687,121,30,1553,717
00000000000000001000_22857.jpg,3110,1628,176,62,3286,1690
00000000000000001000_6754.jpg,1498,291,91,21,1589,312
00000000000000001000_6754.jpg,2939,1722,184,63,3123,1785
00000000000000001000_5369.jpg,3845,1193,124,41,3969,1234
00000000000000001000_15178.jpg,899,107,77,16,976,123
00000000000000001000_15178.jpg,3907,1173,125,44,4032,1217
00000000000000001000_24276.jpg,1226,285,83,17,1309,302
00000000000000001000_19341.jpg,3726,1239,124,40,3850,1279
00000000000000001000_19341.jpg,632,1575,208,58,840,1633
00000000000000001000_3274.jpg,3459,973,123,35,3582,1008
00000000000000001000_3274.jpg,635,1380,217,56,852,1436
00000000000000001000_15451.jpg,3598,1191,135,41,3733,1232
00000000000000001000_2854.jpg,593,251,92,21,685,272
00000000000000001000_2854.jpg,2900,1495,178,62,3078,1557
00000000000000001000_20915.jpg,434,1229,196,51,630,1280
00000000000000001000_19198.jpg,307,1175,187,48,494,1223
00000000000000001000_19198.jpg,3448,1085,130,39,3578,1124
00000000000000001000_19198.jpg,3125,1739,184,68,3309,1807
00000000000000001000_12268.jpg,437,281,88,18,525,299
00000000000000001000_12268.jpg,1319,286,89,18,1408,304
00000000000000001000_12268.jpg,2965,1716,174,62,3139,1778
00000000000000001000_6819.jpg,688,281,97,20,785,301
00000000000000001000_6819.jpg,1490,317,89,18,1579,335
00000000000000001000_6819.jpg,3049,1818,158,60,3207,1878
00000000000000001000_14403.jpg,621,108,75,17,696,125
00000000000000001000_14403.jpg,3090,1705,195,65,3285,1770
00000000000000001000_6149.jpg,272,179,86,17,358,196
00000000000000001000_6149.jpg,1385,263,86,18,1471,281
00000000000000001000_6149.jpg,3280,903,124,31,3404,934
00000000000000001000_6149.jpg,3161,1905,188,70,3349,1975
00000000000000001000_24872.jpg,525,249,98,18,623,267
00000000000000001000_24872.jpg,2868,1589,173,60,3041,1649
00000000000000001000_16377.jpg,1398,344,90,18,1488,362
00000000000000001000_16377.jpg,3307,1804,191,73,3498,1877
00000000000000001000_19213.jpg,1128,180,80,16,1208,196
00000000000000001000_19213.jpg,307,1176,187,45,494,1221
00000000000000001000_19213.jpg,3842,1204,133,44,3975,1248
00000000000000001000_17511.jpg,2303,743,113,25,2416,768
00000000000000001000_17511.jpg,1592,962,149,39,1741,1001
00000000000000001000_20081.jpg,1250,294,88,20,1338,314
00000000000000001000_20081.jpg,3168,1817,176,68,3344,1885
00000000000000001000_11422.jpg,1321,1858,243,72,1564,1930
00000000000000001000_11422.jpg,2979,1508,171,59,3150,1567
00000000000000001000_11742.jpg,404,289,101,20,505,309
00000000000000001000_11742.jpg,1720,485,95,20,1815,505
00000000000000001000_11742.jpg,3293,1024,124,37,3417,1061
00000000000000001000_11742.jpg,2750,1484,185,61,2935,1545
00000000000000001000_6624.jpg,3668,1234,131,38,3799,1272
00000000000000001000_16594.jpg,3727,1295,129,42,3856,1337
00000000000000001000_790.jpg,2674,1750,185,62,2859,1812
00000000000000001000_18374.jpg,2767,1678,183,66,2950,1744
00000000000000001000_13202.jpg,649,332,104,21,753,353
00000000000000001000_13202.jpg,803,1503,226,59,1029,1562
00000000000000001000_20392.jpg,2470,1657,181,62,2651,1719
00000000000000001000_10284.jpg,1454,297,89,20,1543,317
00000000000000001000_10284.jpg,3111,1761,182,68,3293,1829
00000000000000001000_22298.jpg,784,456,116,26,900,482
00000000000000001000_22298.jpg,1589,387,91,18,1680,405
00000000000000001000_24767.jpg,1057,240,79,18,1136,258
00000000000000001000_24767.jpg,769,1579,224,60,993,1639
00000000000000001000_24767.jpg,2897,1568,182,60,3079,1628
00000000000000001000_23067.jpg,756,506,105,22,861,528
00000000000000001000_23067.jpg,2121,560,99,23,2220,583
00000000000000001000_23067.jpg,3901,1210,129,45,4030,1255
00000000000000001000_12213.jpg,1147,579,124,25,1271,604
00000000000000001000_12213.jpg,3915,1343,128,45,4043,1388
00000000000000001000_11907.jpg,2679,1612,200,57,2879,1669
00000000000000001000_8619.jpg,3853,1338,126,45,3979,1383
00000000000000001000_4324.jpg,641,353,101,22,742,375
00000000000000001000_4324.jpg,1587,338,92,20,1679,358
00000000000000001000_4324.jpg,2881,1558,185,61,3066,1619
00000000000000001000_6949.jpg,492,364,105,21,597,385
00000000000000001000_6949.jpg,1908,443,100,24,2008,467
00000000000000001000_6949.jpg,2899,1575,181,61,3080,1636
00000000000000001000_7809.jpg,2626,1334,164,51,2790,1385
00000000000000001000_13467.jpg,85,1032,162,41,247,1073
00000000000000001000_13467.jpg,2585,1383,163,51,2748,1434
00000000000000001000_20966.jpg,1057,154,76,15,1133,169
00000000000000001000_20966.jpg,339,191,88,19,427,210
00000000000000001000_20966.jpg,3396,1064,125,36,3521,1100
00000000000000001000_20966.jpg,2933,1637,180,59,3113,1696
00000000000000001000_7814.jpg,2001,393,96,21,2097,414
00000000000000001000_7814.jpg,2743,1611,185,64,2928,1675
00000000000000001000_10119.jpg,1217,109,74,16,1291,125
00000000000000001000_10119.jpg,2784,836,112,28,2896,864
00000000000000001000_10119.jpg,3045,1596,179,64,3224,1660
00000000000000001000_11962.jpg,2434,891,122,29,2556,920
00000000000000001000_11962.jpg,2733,1704,173,60,2906,1764
00000000000000001000_11356.jpg,2369,1355,166,48,2535,1403
00000000000000001000_11356.jpg,3383,1145,132,41,3515,1186
00000000000000001000_16413.jpg,1373,254,90,20,1463,274
00000000000000001000_2984.jpg,591,1240,123,53,714,1293
00000000000000001000_2984.jpg,3355,1238,139,40,3494,1278
00000000000000001000_18975.jpg,2670,1368,174,53,2844,1421
00000000000000001000_24432.jpg,875,100,84,17,959,117
00000000000000001000_24432.jpg,2892,340,173,72,3065,412
00000000000000001000_24432.jpg,3942,519,150,33,4092,552
00000000000000001000_24432.jpg,3867,1159,131,39,3998,1198
00000000000000001000_21900.jpg,3316,1767,170,63,3486,1830
00000000000000001000_14090.jpg,629,465,106,23,735,488
00000000000000001000_14090.jpg,1749,514,97,22,1846,536
00000000000000001000_14090.jpg,3916,1414,139,46,4055,1460
00000000000000001000_20607.jpg,1458,1583,215,60,1673,1643
00000000000000001000_8714.jpg,3387,1040,141,33,3528,1073
00000000000000001000_8714.jpg,2667,1608,187,64,2854,1672
00000000000000001000_19218.jpg,275,1137,184,47,459,1184
00000000000000001000_17057.jpg,840,37,44,13,884,50
00000000000000001000_17057.jpg,1384,331,91,20,1475,351
00000000000000001000_17057.jpg,3756,1239,135,41,3891,1280
00000000000000001000_7189.jpg,3738,1057,117,39,3855,1096
00000000000000001000_8334.jpg,253,889,148,38,401,927
00000000000000001000_16730.jpg,330,934,133,40,463,974
00000000000000001000_16730.jpg,3750,1356,141,44,3891,1400
00000000000000001000_9649.jpg,296,812,163,38,459,850
00000000000000001000_9649.jpg,3737,1149,124,39,3861,1188
00000000000000001000_9339.jpg,1880,571,101,23,1981,594
00000000000000001000_9339.jpg,525,1307,197,55,722,1362
00000000000000001000_9339.jpg,2840,1440,172,56,3012,1496
00000000000000001000_22630.jpg,1714,569,69,24,1783,593
00000000000000001000_22630.jpg,695,1439,211,59,906,1498
00000000000000001000_22630.jpg,3989,1364,99,44,4088,1408
00000000000000001000_12957.jpg,2021,1236,169,46,2190,1282
00000000000000001000_12817.jpg,327,229,86,18,413,247
00000000000000001000_12817.jpg,2657,1636,197,65,2854,1701
00000000000000001000_1857.jpg,3339,1792,176,67,3515,1859
00000000000000001000_23602.jpg,2867,1336,159,51,3026,1387
00000000000000001000_23602.jpg,1369,1644,221,59,1590,1703
00000000000000001000_8424.jpg,2940,978,100,18,3040,996
00000000000000001000_8424.jpg,3135,1548,161,57,3296,1605
00000000000000001000_15436.jpg,941,63,71,15,1012,78
00000000000000001000_15436.jpg,2678,1482,180,56,2858,1538
00000000000000001000_13745.jpg,1944,430,104,26,2048,456
00000000000000001000_13745.jpg,2091,1657,191,59,2282,1716
00000000000000001000_7854.jpg,1129,476,115,27,1244,503
00000000000000001000_7854.jpg,847,1514,228,56,1075,1570
00000000000000001000_7854.jpg,2560,1632,182,61,2742,1693
00000000000000001000_1271.jpg,3120,1588,176,61,3296,1649
00000000000000001000_7009.jpg,1651,845,131,27,1782,872
00000000000000001000_7009.jpg,3147,946,116,33,3263,979
00000000000000001000_7009.jpg,2946,1620,181,66,3127,1686
00000000000000001000_3834.jpg,2281,629,106,25,2387,654
00000000000000001000_3834.jpg,2623,1595,178,60,2801,1655
00000000000000001000_8489.jpg,480,212,88,18,568,230
00000000000000001000_8489.jpg,2000,531,97,24,2097,555
00000000000000001000_15679.jpg,691,106,52,15,743,121
00000000000000001000_15679.jpg,3776,1236,132,39,3908,1275
00000000000000001000_9569.jpg,1403,336,87,19,1490,355
00000000000000001000_9569.jpg,3970,1322,126,33,4096,1355
00000000000000001000_3499.jpg,1483,326,60,23,1543,349
00000000000000001000_3499.jpg,998,523,75,24,1073,547
00000000000000001000_3499.jpg,3223,1727,183,66,3406,1793
00000000000000001000_19174.jpg,3673,1148,125,41,3798,1189
00000000000000001000_264.jpg,1928,472,102,23,2030,495
00000000000000001000_264.jpg,1240,678,128,31,1368,709
00000000000000001000_264.jpg,1327,1943,242,76,1569,2019
00000000000000001000_6674.jpg,2244,521,103,24,2347,545
00000000000000001000_6674.jpg,2556,1376,169,50,2725,1426
00000000000000001000_6674.jpg,751,1588,228,62,979,1650
00000000000000001000_24742.jpg,1916,510,100,22,2016,532
00000000000000001000_24742.jpg,3932,1231,119,45,4051,1276
00000000000000001000_19890.jpg,3708,1144,142,39,3850,1183
00000000000000001000_19890.jpg,922,1590,224,66,1146,1656
00000000000000001000_23527.jpg,2732,939,121,30,2853,969
00000000000000001000_18369.jpg,802,564,112,24,914,588
00000000000000001000_18369.jpg,2304,703,125,26,2429,729
00000000000000001000_18369.jpg,2491,704,82,18,2573,722
00000000000000001000_18369.jpg,2866,1732,189,66,3055,1798
00000000000000001000_13580.jpg,1118,129,74,16,1192,145
00000000000000001000_13580.jpg,988,566,115,26,1103,592
00000000000000001000_13580.jpg,2014,552,100,23,2114,575
00000000000000001000_4214.jpg,1423,348,89,19,1512,367
00000000000000001000_4214.jpg,2977,1461,175,58,3152,1519
00000000000000001000_2229.jpg,1643,335,89,18,1732,353
00000000000000001000_2229.jpg,3948,1228,142,46,4090,1274
00000000000000001000_11902.jpg,92,71,73,15,165,86
00000000000000001000_11902.jpg,694,339,102,22,796,361
00000000000000001000_6224.jpg,1111,147,78,15,1189,162
00000000000000001000_6224.jpg,3878,1469,133,46,4011,1515
00000000000000001000_18667.jpg,1001,95,73,15,1074,110
00000000000000001000_18667.jpg,1856,480,100,24,1956,504
00000000000000001000_18667.jpg,3967,1234,126,50,4093,1284
00000000000000001000_2141.jpg,580,405,105,23,685,428
00000000000000001000_18116.jpg,977,221,83,17,1060,238
00000000000000001000_18116.jpg,973,579,113,25,1086,604
00000000000000001000_18116.jpg,3713,1038,121,35,3834,1073
00000000000000001000_18116.jpg,2671,1485,175,58,2846,1543
00000000000000001000_18116.jpg,794,1642,236,55,1030,1697
00000000000000001000_15694.jpg,3885,1291,128,42,4013,1333
00000000000000001000_15694.jpg,3124,1580,183,65,3307,1645
00000000000000001000_20121.jpg,3664,1262,138,42,3802,1304
00000000000000001000_17451.jpg,1504,342,89,20,1593,362
00000000000000001000_17451.jpg,4003,1252,90,42,4093,1294
00000000000000001000_3864.jpg,3865,1271,131,44,3996,1315
00000000000000001000_22552.jpg,312,154,86,18,398,172
00000000000000001000_22552.jpg,1072,151,80,17,1152,168
00000000000000001000_22552.jpg,1863,546,102,24,1965,570
00000000000000001000_22552.jpg,938,1685,210,53,1148,1738
00000000000000001000_11044.jpg,2952,1768,191,62,3143,1830
00000000000000001000_3189.jpg,1579,322,76,19,1655,341
00000000000000001000_3189.jpg,3822,846,127,36,3949,882
00000000000000001000_3189.jpg,2776,1619,183,60,2959,1679
00000000000000001000_19058.jpg,3712,1215,126,41,3838,1256
00000000000000001000_19058.jpg,2981,1545,179,65,3160,1610
00000000000000001000_14368.jpg,3463,1163,130,38,3593,1201
00000000000000001000_18827.jpg,3524,1142,133,41,3657,1183
00000000000000001000_23160.jpg,628,309,100,21,728,330
00000000000000001000_23160.jpg,1661,954,154,39,1815,993
00000000000000001000_16539.jpg,3355,1712,185,66,3540,1778
00000000000000001000_15268.jpg,886,129,71,15,957,144
00000000000000001000_15268.jpg,1411,291,88,19,1499,310
00000000000000001000_15268.jpg,828,542,110,24,938,566
00000000000000001000_15268.jpg,2578,841,114,30,2692,871
00000000000000001000_15268.jpg,2788,1597,176,57,2964,1654
00000000000000001000_183.jpg,257,135,84,18,341,153
00000000000000001000_183.jpg,1785,385,95,21,1880,406
00000000000000001000_183.jpg,997,1887,252,73,1249,1960
00000000000000001000_183.jpg,2603,1505,189,61,2792,1566
00000000000000001000_13950.jpg,2501,686,114,28,2615,714
00000000000000001000_13950.jpg,2969,1733,182,66,3151,1799
00000000000000001000_10639.jpg,1590,453,93,21,1683,474
00000000000000001000_10639.jpg,3862,1278,134,44,3996,1322
00000000000000001000_13890.jpg,276,190,52,16,328,206
00000000000000001000_13890.jpg,1084,716,120,28,1204,744
00000000000000001000_13890.jpg,2605,884,121,29,2726,913
00000000000000001000_13890.jpg,2638,1502,184,63,2822,1565
00000000000000001000_9139.jpg,826,1276,193,51,1019,1327
00000000000000001000_913.jpg,80,19,72,15,152,34
00000000000000001000_913.jpg,546,370,105,22,651,392
00000000000000001000_913.jpg,1567,356,88,19,1655,375
00000000000000001000_913.jpg,2949,1564,181,62,3130,1626
00000000000000001000_12408.jpg,756,384,109,23,865,407
00000000000000001000_12408.jpg,2624,1567,177,60,2801,1627
00000000000000001000_2819.jpg,212,117,89,21,301,138
00000000000000001000_2819.jpg,2781,1338,162,53,2943,1391
00000000000000001000_12927.jpg,1404,445,95,22,1499,467
00000000000000001000_12927.jpg,3830,1187,126,38,3956,1225
00000000000000001000_9424.jpg,1392,207,84,19,1476,226
00000000000000001000_9424.jpg,3853,1184,92,39,3945,1223
00000000000000001000_4789.jpg,1197,1441,212,59,1409,1500
00000000000000001000_15830.jpg,1221,227,80,18,1301,245
00000000000000001000_15830.jpg,2577,1404,183,64,2760,1468
00000000000000001000_3409.jpg,812,352,189,29,1001,381
00000000000000001000_3409.jpg,819,510,121,25,940,535
00000000000000001000_3409.jpg,3054,1694,198,69,3252,1763
00000000000000001000_10609.jpg,2662,442,27,31,2689,473
00000000000000001000_10609.jpg,1903,558,103,24,2006,582
00000000000000001000_10609.jpg,2536,1517,185,61,2721,1578
00000000000000001000_22333.jpg,2548,832,115,27,2663,859
00000000000000001000_22333.jpg,2305,1595,180,62,2485,1657
00000000000000001000_3534.jpg,459,341,96,21,555,362
00000000000000001000_3534.jpg,1393,322,91,20,1484,342
00000000000000001000_3534.jpg,2972,1645,184,66,3156,1711
00000000000000001000_8054.jpg,874,433,76,22,950,455
00000000000000001000_8054.jpg,2998,771,112,29,3110,800
00000000000000001000_8054.jpg,2969,1560,179,60,3148,1620
00000000000000001000_15115.jpg,3017,883,96,55,3113,938
00000000000000001000_8679.jpg,1028,175,47,15,1075,190
00000000000000001000_8679.jpg,1477,833,130,32,1607,865
00000000000000001000_3799.jpg,3094,1711,207,63,3301,1774
00000000000000001000_4724.jpg,853,478,116,24,969,502
00000000000000001000_4724.jpg,1373,276,85,20,1458,296
00000000000000001000_4724.jpg,2189,639,108,26,2297,665
00000000000000001000_4724.jpg,743,1210,186,50,929,1260
00000000000000001000_4724.jpg,2134,1163,158,45,2292,1208
00000000000000001000_18294.jpg,1656,453,95,22,1751,475
00000000000000001000_18294.jpg,3483,1120,127,41,3610,1161
00000000000000001000_18294.jpg,2916,1683,187,64,3103,1747
00000000000000001000_3689.jpg,1636,331,87,20,1723,351
00000000000000001000_3689.jpg,1189,810,127,33,1316,843
00000000000000001000_3689.jpg,3092,1596,185,68,3277,1664
00000000000000001000_10189.jpg,3811,1089,127,40,3938,1129
00000000000000001000_12887.jpg,1361,423,98,23,1459,446
00000000000000001000_12887.jpg,3015,1541,179,62,3194,1603
00000000000000001000_14684.jpg,812,489,113,26,925,515
00000000000000001000_14684.jpg,1754,409,105,22,1859,431
00000000000000001000_14684.jpg,3499,1211,128,43,3627,1254
00000000000000001000_14684.jpg,2925,1846,186,67,3111,1913
00000000000000001000_165.jpg,3595,1163,133,40,3728,1203
00000000000000001000_19632.jpg,3814,1275,147,40,3961,1315
00000000000000001000_3564.jpg,2223,529,102,22,2325,551
00000000000000001000_3564.jpg,2456,1286,170,50,2626,1336
00000000000000001000_8604.jpg,1153,687,121,24,1274,711
00000000000000001000_8604.jpg,2628,663,110,24,2738,687
00000000000000001000_9874.jpg,1887,438,100,24,1987,462
00000000000000001000_9874.jpg,764,1548,233,64,997,1612
00000000000000001000_9874.jpg,2771,1547,169,58,2940,1605
00000000000000001000_6539.jpg,2652,1430,175,55,2827,1485
00000000000000001000_3874.jpg,2925,1443,167,56,3092,1499
00000000000000001000_297.jpg,702,20,70,15,772,35
00000000000000001000_297.jpg,3718,1240,133,41,3851,1281
00000000000000001000_297.jpg,1361,1609,217,66,1578,1675
00000000000000001000_7584.jpg,496,273,97,20,593,293
00000000000000001000_7584.jpg,2029,467,98,22,2127,489
00000000000000001000_7584.jpg,3855,1304,134,41,3989,1345
00000000000000001000_12622.jpg,187,122,74,15,261,137
00000000000000001000_12622.jpg,1157,201,83,18,1240,219
00000000000000001000_12622.jpg,251,1404,211,54,462,1458
00000000000000001000_12622.jpg,3991,1508,105,45,4096,1553
00000000000000001000_13610.jpg,1056,565,124,27,1180,592
00000000000000001000_8389.jpg,2783,1454,189,54,2972,1508
00000000000000001000_8389.jpg,724,1807,246,65,970,1872
00000000000000001000_15378.jpg,3832,1267,137,46,3969,1313
00000000000000001000_8299.jpg,1307,286,82,23,1389,309
00000000000000001000_8299.jpg,3467,1482,129,50,3596,1532
00000000000000001000_8299.jpg,1162,1531,148,50,1310,1581
00000000000000001000_5944.jpg,1155,190,80,16,1235,206
00000000000000001000_5944.jpg,3153,1664,179,66,3332,1730
00000000000000001000_22502.jpg,3671,1852,157,67,3828,1919
00000000000000001000_14180.jpg,1102,631,118,27,1220,658
00000000000000001000_14180.jpg,2869,1781,184,69,3053,1850
00000000000000001000_14586.jpg,1228,815,127,34,1355,849
00000000000000001000_14586.jpg,1988,508,107,24,2095,532
00000000000000001000_14586.jpg,3137,1667,177,66,3314,1733
00000000000000001000_15288.jpg,1288,221,85,19,1373,240
00000000000000001000_15288.jpg,2301,1400,186,58,2487,1458
00000000000000001000_14205.jpg,3951,1329,130,46,4081,1375
00000000000000001000_14205.jpg,1122,1768,234,72,1356,1840
00000000000000001000_6869.jpg,697,324,100,22,797,346
00000000000000001000_6869.jpg,1828,386,109,20,1937,406
00000000000000001000_17291.jpg,3289,1608,177,64,3466,1672
00000000000000001000_12338.jpg,966,535,117,27,1083,562
00000000000000001000_12338.jpg,3098,1770,188,71,3286,1841
00000000000000001000_5114.jpg,2734,1462,184,61,2918,1523
00000000000000001000_23414.jpg,3258,958,122,34,3380,992
00000000000000001000_23243.jpg,3243,1126,139,39,3382,1165
00000000000000001000_24083.jpg,3639,1179,117,37,3756,1216
00000000000000001000_3679.jpg,1438,315,89,19,1527,334
00000000000000001000_3679.jpg,3621,1068,118,34,3739,1102
00000000000000001000_6654.jpg,751,1588,227,62,978,1650
00000000000000001000_6654.jpg,3378,1869,192,69,3570,1938
00000000000000001000_16163.jpg,488,1568,230,62,718,1630
00000000000000001000_16163.jpg,3500,1557,177,63,3677,1620
00000000000000001000_22371.jpg,974,198,77,16,1051,214
00000000000000001000_22371.jpg,1912,394,96,22,2008,416
00000000000000001000_22371.jpg,3169,996,124,34,3293,1030
00000000000000001000_22371.jpg,2845,1523,174,58,3019,1581
00000000000000001000_3614.jpg,3246,1002,121,35,3367,1037
00000000000000001000_6059.jpg,2445,1453,177,56,2622,1509
00000000000000001000_4034.jpg,1141,144,65,17,1206,161
00000000000000001000_4034.jpg,742,435,106,21,848,456
00000000000000001000_4034.jpg,941,1385,193,52,1134,1437
00000000000000001000_4034.jpg,3157,1673,190,68,3347,1741
00000000000000001000_8414.jpg,1828,516,97,22,1925,538
00000000000000001000_8414.jpg,3109,1788,181,66,3290,1854
00000000000000001000_10984.jpg,1290,222,86,19,1376,241
00000000000000001000_10984.jpg,2583,1723,198,61,2781,1784
00000000000000001000_6444.jpg,1352,1446,214,55,1566,1501
00000000000000001000_2874.jpg,1993,614,103,26,2096,640
00000000000000001000_2874.jpg,2749,1383,173,56,2922,1439
00000000000000001000_8504.jpg,3749,1141,131,39,3880,1180
00000000000000001000_22695.jpg,675,42,70,16,745,58
00000000000000001000_22695.jpg,1602,372,88,18,1690,390
00000000000000001000_22695.jpg,703,1337,208,54,911,1391
00000000000000001000_22695.jpg,2418,1396,176,52,2594,1448
00000000000000001000_21820.jpg,447,294,102,20,549,314
00000000000000001000_21820.jpg,2306,828,117,32,2423,860
00000000000000001000_21820.jpg,2872,1615,187,62,3059,1677
00000000000000001000_23577.jpg,2873,1425,172,56,3045,1481
00000000000000001000_12837.jpg,893,539,119,27,1012,566
00000000000000001000_12837.jpg,3003,1760,185,70,3188,1830
00000000000000001000_7959.jpg,826,1270,204,57,1030,1327
00000000000000001000_7959.jpg,2715,1391,173,54,2888,1445
00000000000000001000_15441.jpg,410,199,90,18,500,217
00000000000000001000_15441.jpg,3119,1852,180,68,3299,1920
00000000000000001000_825.jpg,397,242,93,20,490,262
00000000000000001000_825.jpg,3699,1220,129,41,3828,1261
00000000000000001000_11762.jpg,716,74,73,15,789,89
00000000000000001000_11762.jpg,929,608,115,26,1044,634
00000000000000001000_11762.jpg,1982,564,102,21,2084,585
00000000000000001000_11762.jpg,2590,1718,190,62,2780,1780
00000000000000001000_18752.jpg,605,1390,198,51,803,1441
00000000000000001000_18752.jpg,2733,1456,167,54,2900,1510
00000000000000001000_19514.jpg,1202,176,78,16,1280,192
00000000000000001000_19514.jpg,447,346,97,20,544,366
00000000000000001000_19514.jpg,1925,484,97,22,2022,506
00000000000000001000_19514.jpg,433,1494,207,60,640,1554
00000000000000001000_19514.jpg,2702,1492,181,60,2883,1552
00000000000000001000_13900.jpg,1143,72,53,17,1196,89
00000000000000001000_13900.jpg,898,327,108,23,1006,350
00000000000000001000_13900.jpg,2801,1415,175,60,2976,1475
00000000000000001000_11115.jpg,980,85,74,15,1054,100
00000000000000001000_11115.jpg,1125,634,116,27,1241,661
00000000000000001000_6619.jpg,3051,1472,158,52,3209,1524
00000000000000001000_20402.jpg,1754,272,88,19,1842,291
00000000000000001000_20402.jpg,3584,1247,134,40,3718,1287
00000000000000001000_20402.jpg,2706,1501,181,60,2887,1561
00000000000000001000_3654.jpg,3757,1181,132,40,3889,1221
00000000000000001000_23965.jpg,232,1045,177,45,409,1090
00000000000000001000_23965.jpg,2428,1131,152,43,2580,1174
00000000000000001000_17646.jpg,2015,131,96,48,2111,179
00000000000000001000_17646.jpg,2448,738,111,24,2559,762
00000000000000001000_17646.jpg,2868,1667,187,61,3055,1728
00000000000000001000_17859.jpg,3573,1253,127,41,3700,1294
00000000000000001000_18111.jpg,520,314,94,20,614,334
00000000000000001000_18111.jpg,1734,358,94,20,1828,378
00000000000000001000_18111.jpg,2418,781,116,29,2534,810
00000000000000001000_18111.jpg,795,1642,236,55,1031,1697
00000000000000001000_18111.jpg,2844,1687,181,62,3025,1749
00000000000000001000_575.jpg,1999,532,100,23,2099,555
00000000000000001000_575.jpg,1410,702,124,30,1534,732
00000000000000001000_575.jpg,3570,1257,126,41,3696,1298
00000000000000001000_575.jpg,2881,1701,178,62,3059,1763
00000000000000001000_4144.jpg,3608,1201,162,43,3770,1244
00000000000000001000_17949.jpg,440,168,88,18,528,186
00000000000000001000_17949.jpg,597,1320,200,52,797,1372
00000000000000001000_17949.jpg,2697,1614,174,61,2871,1675
00000000000000001000_14979.jpg,260,138,84,17,344,155
00000000000000001000_14979.jpg,1312,219,81,17,1393,236
00000000000000001000_14979.jpg,3769,1223,132,43,3901,1266
00000000000000001000_21323.jpg,2398,1207,167,47,2565,1254
00000000000000001000_3964.jpg,2422,667,126,25,2548,692
00000000000000001000_3964.jpg,872,1342,195,55,1067,1397
00000000000000001000_3964.jpg,2695,1500,184,57,2879,1557
00000000000000001000_20472.jpg,3984,1249,108,39,4092,1288
00000000000000001000_1737.jpg,985,136,73,15,1058,151
00000000000000001000_1737.jpg,693,364,101,21,794,385
00000000000000001000_1737.jpg,1917,571,88,24,2005,595
00000000000000001000_1737.jpg,2747,1711,191,61,2938,1772
00000000000000001000_21132.jpg,266,71,78,15,344,86
00000000000000001000_21132.jpg,1188,95,71,54,1259,149
00000000000000001000_21132.jpg,1303,301,95,21,1398,322
00000000000000001000_21132.jpg,695,488,104,22,799,510
00000000000000001000_21132.jpg,2206,702,108,27,2314,729
00000000000000001000_21132.jpg,763,1407,211,52,974,1459
00000000000000001000_21132.jpg,2877,1623,176,60,3053,1683
00000000000000001000_5129.jpg,1483,298,90,20,1573,318
00000000000000001000_5129.jpg,3939,1354,135,45,4074,1399
00000000000000001000_5129.jpg,2806,1595,167,58,2973,1653
00000000000000001000_10014.jpg,1866,463,94,22,1960,485
00000000000000001000_10014.jpg,555,1320,201,55,756,1375
00000000000000001000_7414.jpg,3566,1299,133,42,3699,1341
00000000000000001000_7414.jpg,713,1657,223,62,936,1719
00000000000000001000_36.jpg,806,429,107,24,913,453
00000000000000001000_36.jpg,1394,241,85,17,1479,258
00000000000000001000_36.jpg,3653,1138,139,41,3792,1179
00000000000000001000_23647.jpg,3243,990,105,31,3348,1021
00000000000000001000_23647.jpg,1102,1839,234,70,1336,1909
00000000000000001000_23945.jpg,802,598,116,30,918,628
00000000000000001000_23945.jpg,3463,1236,131,42,3594,1278
00000000000000001000_14080.jpg,1480,327,85,19,1565,346
00000000000000001000_14080.jpg,2525,835,120,29,2645,864
00000000000000001000_14080.jpg,2992,1711,185,69,3177,1780
00000000000000001000_18865.jpg,1107,157,76,17,1183,174
00000000000000001000_18865.jpg,447,276,86,18,533,294
00000000000000001000_18865.jpg,2978,1755,179,69,3157,1824
00000000000000001000_4479.jpg,529,1120,194,51,723,1171
00000000000000001000_4479.jpg,3690,1055,125,38,3815,1093
00000000000000001000_5894.jpg,1074,562,118,27,1192,589
00000000000000001000_5894.jpg,3532,1032,121,37,3653,1069
00000000000000001000_12418.jpg,345,210,86,17,431,227
00000000000000001000_12418.jpg,3076,753,174,37,3250,790
00000000000000001000_12418.jpg,2469,1392,184,58,2653,1450
00000000000000001000_12418.jpg,3027,1025,125,34,3152,1059
00000000000000001000_357.jpg,1490,357,68,21,1558,378
00000000000000001000_357.jpg,2186,1129,161,46,2347,1175
00000000000000001000_471.jpg,1149,1195,179,45,1328,1240
00000000000000001000_545.jpg,400,187,87,18,487,205
00000000000000001000_545.jpg,1687,432,107,22,1794,454
00000000000000001000_545.jpg,1131,554,122,29,1253,583
00000000000000001000_545.jpg,2801,1770,180,67,2981,1837
00000000000000001000_6559.jpg,3679,1253,121,33,3800,1286
00000000000000001000_5294.jpg,1570,318,96,18,1666,336
00000000000000001000_540.jpg,1346,239,84,19,1430,258
00000000000000001000_540.jpg,1276,669,125,28,1401,697
00000000000000001000_540.jpg,3657,1211,144,40,3801,1251
00000000000000001000_540.jpg,2863,1425,174,59,3037,1484
00000000000000001000_10374.jpg,1947,529,107,24,2054,553
00000000000000001000_10374.jpg,3095,1827,182,66,3277,1893
00000000000000001000_22386.jpg,2813,1363,165,52,2978,1415
00000000000000001000_116.jpg,2485,1380,177,54,2662,1434
00000000000000001000_20587.jpg,1519,1520,208,60,1727,1580
00000000000000001000_18517.jpg,857,98,70,15,927,113
00000000000000001000_18517.jpg,671,392,112,22,783,414
00000000000000001000_18517.jpg,2648,1625,182,64,2830,1689
00000000000000001000_21749.jpg,2000,586,102,24,2102,610
00000000000000001000_21749.jpg,1434,886,138,35,1572,921
00000000000000001000_21749.jpg,495,1147,169,44,664,1191
00000000000000001000_15579.jpg,591,373,97,18,688,391
00000000000000001000_15579.jpg,3246,1608,175,65,3421,1673
00000000000000001000_12456.jpg,3497,1525,167,63,3664,1588
00000000000000001000_19925.jpg,1255,251,87,21,1342,272
00000000000000001000_19925.jpg,600,322,101,21,701,343
00000000000000001000_19925.jpg,3804,1169,139,39,3943,1208
00000000000000001000_16150.jpg,3013,1611,178,64,3191,1675
00000000000000001000_22204.jpg,3718,1325,143,46,3861,1371
00000000000000001000_16254.jpg,3623,1110,122,38,3745,1148
00000000000000001000_4734.jpg,906,106,62,15,968,121
00000000000000001000_4734.jpg,778,390,103,22,881,412
00000000000000001000_4734.jpg,743,1211,186,48,929,1259
00000000000000001000_4734.jpg,3082,1728,184,61,3266,1789
00000000000000001000_16145.jpg,3634,1249,126,42,3760,1291
00000000000000001000_438.jpg,3289,1696,177,66,3466,1762
00000000000000001000_17396.jpg,248,146,75,16,323,162
00000000000000001000_17396.jpg,771,374,104,23,875,397
00000000000000001000_17396.jpg,2983,1514,184,64,3167,1578
00000000000000001000_1812.jpg,564,354,102,22,666,376
00000000000000001000_1812.jpg,3867,1247,126,46,3993,1293
00000000000000001000_20417.jpg,1500,327,86,20,1586,347
00000000000000001000_20417.jpg,906,1541,210,61,1116,1602
00000000000000001000_22815.jpg,3715,1297,134,42,3849,1339
00000000000000001000_15705.jpg,563,334,96,22,659,356
00000000000000001000_15705.jpg,2615,785,120,31,2735,816
00000000000000001000_15705.jpg,2787,1498,176,59,2963,1557
00000000000000001000_9039.jpg,1548,382,90,22,1638,404
00000000000000001000_21950.jpg,2506,778,121,31,2627,809
00000000000000001000_21950.jpg,2518,1587,190,56,2708,1643
00000000000000001000_3319.jpg,428,1297,206,54,634,1351
00000000000000001000_3319.jpg,3646,1049,122,37,3768,1086
00000000000000001000_7454.jpg,1080,637,125,30,1205,667
00000000000000001000_1827.jpg,1247,846,132,29,1379,875
00000000000000001000_1827.jpg,1816,529,100,23,1916,552
00000000000000001000_1827.jpg,3931,1468,144,46,4075,1514
00000000000000001000_10919.jpg,1628,360,86,18,1714,378
00000000000000001000_10919.jpg,3430,1117,120,38,3550,1155
00000000000000001000_10919.jpg,981,1662,231,64,1212,1726
00000000000000001000_10919.jpg,2899,1752,180,64,3079,1816
00000000000000001000_16579.jpg,2421,1584,192,64,2613,1648
00000000000000001000_16909.jpg,1764,508,97,22,1861,530
00000000000000001000_16909.jpg,384,1161,186,49,570,1210
00000000000000001000_16909.jpg,2919,1583,180,63,3099,1646
00000000000000001000_6999.jpg,2502,767,116,28,2618,795
00000000000000001000_6999.jpg,2552,1506,183,58,2735,1564
00000000000000001000_15720.jpg,1209,275,84,18,1293,293
00000000000000001000_15720.jpg,3810,1253,134,42,3944,1295
00000000000000001000_15720.jpg,430,1563,210,60,640,1623
00000000000000001000_14659.jpg,1148,206,80,18,1228,224
00000000000000001000_14659.jpg,3922,1341,124,45,4046,1386
00000000000000001000_16219.jpg,3114,1620,179,65,3293,1685
00000000000000001000_24271.jpg,2221,704,109,26,2330,730
00000000000000001000_24271.jpg,1186,1694,223,68,1409,1762
00000000000000001000_6159.jpg,1136,185,79,17,1215,202
00000000000000001000_6159.jpg,3472,1418,158,59,3630,1477
00000000000000001000_8369.jpg,982,461,128,24,1110,485
00000000000000001000_8369.jpg,726,1808,243,63,969,1871
00000000000000001000_8369.jpg,2944,1556,183,63,3127,1619
00000000000000001000_1136.jpg,463,297,44,48,507,345
00000000000000001000_1136.jpg,1029,802,135,33,1164,835
00000000000000001000_1136.jpg,3957,1188,126,43,4083,1231
00000000000000001000_3744.jpg,1870,404,110,22,1980,426
00000000000000001000_3744.jpg,1456,839,128,34,1584,873
00000000000000001000_3744.jpg,2977,1549,182,64,3159,1613
00000000000000001000_6189.jpg,1581,470,100,24,1681,494
00000000000000001000_6189.jpg,654,1409,205,56,859,1465
00000000000000001000_6189.jpg,3202,1653,181,67,3383,1720
00000000000000001000_4229.jpg,672,332,100,22,772,354
00000000000000001000_4229.jpg,2222,1171,162,46,2384,1217
00000000000000001000_780.jpg,632,25,66,13,698,38
00000000000000001000_7169.jpg,871,419,100,22,971,441
00000000000000001000_7169.jpg,2052,516,101,22,2153,538
00000000000000001000_7169.jpg,3092,1579,176,62,3268,1641
00000000000000001000_22239.jpg,344,202,89,18,433,220
00000000000000001000_22239.jpg,1281,357,88,18,1369,375
00000000000000001000_22239.jpg,2927,883,120,32,3047,915
00000000000000001000_22239.jpg,454,1282,195,52,649,1334
00000000000000001000_22239.jpg,2901,1616,177,66,3078,1682
00000000000000001000_2699.jpg,314,106,78,17,392,123
00000000000000001000_2699.jpg,1377,239,84,18,1461,257
00000000000000001000_2699.jpg,2948,1738,177,60,3125,1798
00000000000000001000_19336.jpg,2875,1406,183,54,3058,1460
00000000000000001000_19336.jpg,631,1575,209,58,840,1633
00000000000000001000_12035.jpg,293,273,77,19,370,292
00000000000000001000_12035.jpg,1865,499,100,23,1965,522
00000000000000001000_12035.jpg,484,1470,201,59,685,1529
00000000000000001000_12035.jpg,2591,1688,181,64,2772,1752
00000000000000001000_302.jpg,1020,150,79,17,1099,167
00000000000000001000_302.jpg,1085,1392,199,58,1284,1450
00000000000000001000_302.jpg,3651,1026,116,37,3767,1063
00000000000000001000_17944.jpg,2454,603,104,24,2558,627
00000000000000001000_17944.jpg,596,1321,201,50,797,1371
00000000000000001000_17944.jpg,3022,1578,186,66,3208,1644
00000000000000001000_3624.jpg,3425,1134,134,40,3559,1174
00000000000000001000_6944.jpg,857,467,109,23,966,490
00000000000000001000_6944.jpg,2298,655,106,26,2404,681
00000000000000001000_6944.jpg,2117,1315,174,53,2291,1368
00000000000000001000_12333.jpg,604,332,102,22,706,354
00000000000000001000_12333.jpg,3219,1731,183,72,3402,1803
00000000000000001000_12777.jpg,3039,1830,181,68,3220,1898
00000000000000001000_12288.jpg,200,96,52,17,252,113
00000000000000001000_12288.jpg,2740,1656,186,64,2926,1720
00000000000000001000_8689.jpg,2947,1615,184,63,3131,1678
00000000000000001000_1294.jpg,236,132,84,18,320,150
00000000000000001000_1294.jpg,2250,1326,176,47,2426,1373
00000000000000001000_1294.jpg,3924,1176,124,42,4048,1218
00000000000000001000_865.jpg,1311,343,86,19,1397,362
00000000000000001000_865.jpg,3176,1094,123,36,3299,1130
00000000000000001000_865.jpg,2815,1685,180,64,2995,1749
00000000000000001000_4264.jpg,1017,465,116,26,1133,491
00000000000000001000_4264.jpg,2912,1684,178,61,3090,1745
00000000000000001000_12100.jpg,1244,230,82,17,1326,247
00000000000000001000_12100.jpg,3388,1061,132,39,3520,1100
00000000000000001000_12100.jpg,995,1815,253,66,1248,1881
00000000000000001000_12100.jpg,3070,1651,182,66,3252,1717
00000000000000001000_132.jpg,540,1498,207,59,747,1557
00000000000000001000_17476.jpg,3607,1262,139,44,3746,1306
00000000000000001000_4464.jpg,1608,463,98,20,1706,483
00000000000000001000_4464.jpg,548,1130,194,51,742,1181
00000000000000001000_4464.jpg,2775,1515,183,59,2958,1574
00000000000000001000_14634.jpg,956,522,120,27,1076,549
00000000000000001000_14634.jpg,1785,512,100,22,1885,534
00000000000000001000_14634.jpg,2315,1323,164,48,2479,1371
00000000000000001000_14634.jpg,3927,1183,126,39,4053,1222
00000000000000001000_7199.jpg,3129,1663,177,64,3306,1727
00000000000000001000_19539.jpg,1232,157,81,17,1313,174
00000000000000001000_19539.jpg,763,489,107,23,870,512
00000000000000001000_19539.jpg,2353,707,104,25,2457,732
00000000000000001000_19539.jpg,2983,1505,171,57,3154,1562
00000000000000001000_14754.jpg,1212,204,84,18,1296,222
00000000000000001000_14754.jpg,890,477,112,25,1002,502
00000000000000001000_14754.jpg,2645,1217,124,28,2769,1245
00000000000000001000_14754.jpg,2761,1286,76,24,2837,1310
00000000000000001000_14754.jpg,739,1675,214,62,953,1737
00000000000000001000_14754.jpg,2565,1661,194,58,2759,1719
00000000000000001000_12607.jpg,2861,1251,154,53,3015,1304
00000000000000001000_20183.jpg,2645,925,119,29,2764,954
00000000000000001000_20183.jpg,1754,1119,163,43,1917,1162
00000000000000001000_14125.jpg,566,1436,194,54,760,1490
00000000000000001000_14125.jpg,3561,1155,132,39,3693,1194
00000000000000001000_7849.jpg,2124,522,107,26,2231,548
00000000000000001000_7849.jpg,3066,1478,175,59,3241,1537
00000000000000001000_7849.jpg,847,1515,228,53,1075,1568
00000000000000001000_11330.jpg,2344,1391,177,56,2521,1447
00000000000000001000_3639.jpg,828,451,96,24,924,475
00000000000000001000_23795.jpg,3138,883,122,30,3260,913
00000000000000001000_21699.jpg,1278,163,81,17,1359,180
00000000000000001000_21699.jpg,545,177,91,18,636,195
00000000000000001000_21699.jpg,2707,718,261,53,2968,771
00000000000000001000_21699.jpg,3179,912,123,35,3302,947
00000000000000001000_21699.jpg,844,1498,200,54,1044,1552
00000000000000001000_21699.jpg,2487,1265,162,47,2649,1312
00000000000000001000_18762.jpg,1453,338,88,18,1541,356
00000000000000001000_18762.jpg,2932,1855,187,68,3119,1923
00000000000000001000_23960.jpg,1248,1358,203,54,1451,1412
00000000000000001000_20152.jpg,3763,1120,123,38,3886,1158
00000000000000001000_10339.jpg,3963,1344,131,44,4094,1388
00000000000000001000_11882.jpg,2859,1735,192,60,3051,1795
00000000000000001000_15865.jpg,923,424,106,23,1029,447
00000000000000001000_15865.jpg,1724,430,97,21,1821,451
00000000000000001000_15865.jpg,1154,1626,229,62,1383,1688
00000000000000001000_15865.jpg,2901,1745,182,61,3083,1806
00000000000000001000_20862.jpg,1953,522,100,22,2053,544
00000000000000001000_20862.jpg,2988,1465,172,59,3160,1524
00000000000000001000_20862.jpg,817,1648,228,65,1045,1713
00000000000000001000_18612.jpg,499,1453,204,55,703,1508
00000000000000001000_18612.jpg,2667,1490,132,52,2799,1542
00000000000000001000_21990.jpg,573,307,96,20,669,327
00000000000000001000_21990.jpg,1605,431,91,21,1696,452
00000000000000001000_21210.jpg,1152,190,69,20,1221,210
00000000000000001000_21210.jpg,941,737,123,29,1064,766
00000000000000001000_21210.jpg,2926,1564,182,62,3108,1626
00000000000000001000_830.jpg,1119,193,78,17,1197,210
00000000000000001000_13655.jpg,2755,1316,164,51,2919,1367
00000000000000001000_19790.jpg,464,153,82,18,546,171
00000000000000001000_19790.jpg,1204,783,125,31,1329,814
00000000000000001000_19790.jpg,3133,1906,183,70,3316,1976
00000000000000001000_3199.jpg,2910,1621,178,61,3088,1682
00000000000000001000_20384.jpg,3472,1142,121,39,3593,1181
00000000000000001000_17959.jpg,699,393,104,23,803,416
00000000000000001000_17959.jpg,595,1321,203,49,798,1370
00000000000000001000_17959.jpg,3133,1456,168,58,3301,1514
00000000000000001000_13452.jpg,1069,538,115,26,1184,564
00000000000000001000_13452.jpg,3290,1806,179,69,3469,1875
00000000000000001000_12937.jpg,963,95,65,14,1028,109
00000000000000001000_12937.jpg,2900,997,119,33,3019,1030
00000000000000001000_12937.jpg,2949,1682,186,66,3135,1748
00000000000000001000_8229.jpg,868,464,111,26,979,490
00000000000000001000_8229.jpg,3096,155,95,22,3191,177
00000000000000001000_8229.jpg,2890,379,135,20,3025,399
00000000000000001000_8229.jpg,2806,864,114,30,2920,894
00000000000000001000_8229.jpg,3068,1730,179,65,3247,1795
00000000000000001000_16642.jpg,873,131,73,16,946,147
00000000000000001000_16642.jpg,2677,1648,177,60,2854,1708
00000000000000001000_19870.jpg,2567,764,114,29,2681,793
00000000000000001000_16461.jpg,3343,1744,179,69,3522,1813
00000000000000001000_6359.jpg,518,930,173,43,691,973
00000000000000001000_6359.jpg,1304,543,122,27,1426,570
00000000000000001000_6359.jpg,3634,1331,100,34,3734,1365
00000000000000001000_6359.jpg,3203,1815,179,70,3382,1885
00000000000000001000_18464.jpg,2921,1575,174,62,3095,1637
00000000000000001000_14704.jpg,930,499,113,25,1043,524
00000000000000001000_14704.jpg,3765,1305,127,44,3892,1349
00000000000000001000_14704.jpg,440,1618,223,65,663,1683
00000000000000001000_3154.jpg,2255,529,102,23,2357,552
00000000000000001000_3154.jpg,2854,1504,175,57,3029,1561
00000000000000001000_5499.jpg,2393,119,180,33,2573,152
00000000000000001000_5499.jpg,228,792,158,41,386,833
00000000000000001000_23374.jpg,3878,1381,88,42,3966,1423
00000000000000001000_23374.jpg,2774,1489,174,58,2948,1547
00000000000000001000_18955.jpg,790,72,69,16,859,88
00000000000000001000_18955.jpg,3931,1484,136,49,4067,1533
00000000000000001000_20051.jpg,2732,1289,165,49,2897,1338
00000000000000001000_11967.jpg,346,263,85,18,431,281
00000000000000001000_11967.jpg,3085,1828,185,65,3270,1893
00000000000000001000_2964.jpg,3820,1243,138,44,3958,1287
00000000000000001000_10644.jpg,1805,445,103,22,1908,467
00000000000000001000_6054.jpg,3983,1229,107,25,4090,1254
00000000000000001000_20532.jpg,1831,391,99,20,1930,411
00000000000000001000_20532.jpg,3751,1368,129,43,3880,1411
00000000000000001000_23276.jpg,2207,935,144,39,2351,974
00000000000000001000_4709.jpg,929,1325,191,55,1120,1380
00000000000000001000_4709.jpg,2542,1374,166,51,2708,1425
00000000000000001000_11089.jpg,287,1137,182,48,469,1185
00000000000000001000_20271.jpg,353,1289,186,47,539,1336
00000000000000001000_20271.jpg,2444,1454,174,49,2618,1503
00000000000000001000_8859.jpg,1753,385,97,20,1850,405
00000000000000001000_8859.jpg,3580,353,59,26,3639,379
00000000000000001000_8859.jpg,3969,1167,100,38,4069,1205
00000000000000001000_468.jpg,1617,1595,212,58,1829,1653
00000000000000001000_15007.jpg,1057,617,121,28,1178,645
00000000000000001000_15007.jpg,3225,1793,196,73,3421,1866
00000000000000001000_15140.jpg,864,96,73,14,937,110
00000000000000001000_15140.jpg,919,460,110,24,1029,484
00000000000000001000_15140.jpg,1929,516,97,22,2026,538
00000000000000001000_15140.jpg,3379,1030,130,37,3509,1067
00000000000000001000_15140.jpg,787,1755,224,65,1011,1820
00000000000000001000_15140.jpg,3027,1884,181,69,3208,1953
00000000000000001000_20208.jpg,2286,614,115,27,2401,641
00000000000000001000_20208.jpg,2039,1150,154,43,2193,1193
00000000000000001000_18023.jpg,2339,661,105,24,2444,685
00000000000000001000_18023.jpg,1450,925,138,36,1588,961
00000000000000001000_20016.jpg,919,669,123,28,1042,697
00000000000000001000_20016.jpg,1898,587,104,24,2002,611
00000000000000001000_20016.jpg,3518,1634,151,62,3669,1696
00000000000000001000_15248.jpg,569,432,103,22,672,454
00000000000000001000_15248.jpg,343,1301,199,54,542,1355
00000000000000001000_15248.jpg,3831,1274,123,43,3954,1317
00000000000000001000_21096.jpg,1027,21,83,50,1110,71
00000000000000001000_21096.jpg,1113,190,78,17,1191,207
00000000000000001000_21096.jpg,3322,1785,171,68,3493,1853
00000000000000001000_6219.jpg,485,311,93,24,578,335
00000000000000001000_6789.jpg,3721,257,149,57,3870,314
00000000000000001000_6789.jpg,3618,426,235,32,3853,458
00000000000000001000_6789.jpg,580,1540,226,64,806,1604
00000000000000001000_10244.jpg,1416,387,96,20,1512,407
00000000000000001000_10244.jpg,3969,1316,127,43,4096,1359
00000000000000001000_10244.jpg,947,1834,252,74,1199,1908
00000000000000001000_7474.jpg,441,298,91,20,532,318
00000000000000001000_7474.jpg,1792,387,95,22,1887,409
00000000000000001000_15725.jpg,430,1562,211,60,641,1622
00000000000000001000_15725.jpg,3388,1553,178,61,3566,1614
00000000000000001000_12737.jpg,1047,116,74,16,1121,132
00000000000000001000_20477.jpg,1705,350,90,20,1795,370
00000000000000001000_20477.jpg,3909,1492,138,49,4047,1541
00000000000000001000_10819.jpg,2718,1507,172,55,2890,1562
00000000000000001000_1977.jpg,1040,557,115,27,1155,584
00000000000000001000_1977.jpg,3707,1075,118,39,3825,1114
00000000000000001000_6859.jpg,1658,405,91,19,1749,424
00000000000000001000_6859.jpg,2160,1203,165,47,2325,1250
00000000000000001000_22199.jpg,3422,1193,129,40,3551,1233
00000000000000001000_23087.jpg,3776,1309,124,43,3900,1352
00000000000000001000_23087.jpg,915,1710,222,66,1137,1776
00000000000000001000_13272.jpg,486,1138,190,47,676,1185
00000000000000001000_13272.jpg,2986,1774,183,65,3169,1839
00000000000000001000_8029.jpg,1835,476,106,19,1941,495
00000000000000001000_8029.jpg,2750,1519,186,63,2936,1582
00000000000000001000_22805.jpg,930,457,116,25,1046,482
00000000000000001000_22805.jpg,1561,388,88,20,1649,408
00000000000000001000_22805.jpg,2765,1611,184,60,2949,1671
00000000000000001000_2774.jpg,452,939,160,37,612,976
00000000000000001000_2774.jpg,2933,1701,187,61,3120,1762
00000000000000001000_11224.jpg,3751,1185,140,40,3891,1225
00000000000000001000_6939.jpg,1023,568,117,25,1140,593
00000000000000001000_6939.jpg,2581,774,111,27,2692,801
00000000000000001000_6939.jpg,2517,1523,185,62,2702,1585
00000000000000001000_11389.jpg,3522,1158,128,41,3650,1199
00000000000000001000_11389.jpg,3379,1852,185,73,3564,1925
00000000000000001000_12489.jpg,1899,616,86,57,1985,673
00000000000000001000_12489.jpg,3249,1848,194,76,3443,1924
00000000000000001000_14849.jpg,656,466,106,24,762,490
00000000000000001000_14849.jpg,2855,801,75,20,2930,821
00000000000000001000_14849.jpg,2632,1649,180,62,2812,1711
00000000000000001000_22477.jpg,3510,1126,100,35,3610,1161
00000000000000001000_22477.jpg,1410,1674,214,61,1624,1735
00000000000000001000_22887.jpg,1710,360,81,19,1791,379
00000000000000001000_22887.jpg,891,583,117,25,1008,608
00000000000000001000_22887.jpg,2584,1591,175,61,2759,1652
00000000000000001000_12544.jpg,3907,1480,137,49,4044,1529
00000000000000001000_12867.jpg,1940,532,112,26,2052,558
00000000000000001000_12867.jpg,2463,1352,169,53,2632,1405
00000000000000001000_9924.jpg,2914,954,125,29,3039,983
00000000000000001000_9924.jpg,2742,1686,184,65,2926,1751
00000000000000001000_3224.jpg,1915,494,99,22,2014,516
00000000000000001000_3224.jpg,1502,672,130,31,1632,703
00000000000000001000_3224.jpg,634,1380,216,57,850,1437
00000000000000001000_3224.jpg,3211,1823,199,62,3410,1885
00000000000000001000_1289.jpg,301,167,85,18,386,185
00000000000000001000_1289.jpg,2505,1472,184,54,2689,1526
00000000000000001000_14293.jpg,1413,300,91,20,1504,320
00000000000000001000_14293.jpg,2737,1514,178,60,2915,1574
00000000000000001000_3749.jpg,409,187,93,22,502,209
00000000000000001000_3749.jpg,1978,506,93,22,2071,528
00000000000000001000_3749.jpg,3074,1743,181,66,3255,1809
00000000000000001000_15213.jpg,1345,286,88,19,1433,305
00000000000000001000_15213.jpg,340,1301,202,54,542,1355
00000000000000001000_15213.jpg,2920,1641,191,67,3111,1708
00000000000000001000_18259.jpg,730,554,113,24,843,578
00000000000000001000_18259.jpg,2975,1745,179,66,3154,1811
00000000000000001000_16259.jpg,3515,1566,153,62,3668,1628
00000000000000001000_14999.jpg,2521,1582,190,56,2711,1638
00000000000000001000_7359.jpg,949,74,63,16,1012,90
00000000000000001000_7359.jpg,1031,622,119,28,1150,650
00000000000000001000_7594.jpg,3628,1201,121,41,3749,1242
00000000000000001000_2504.jpg,300,1097,183,44,483,1141
00000000000000001000_2504.jpg,2780,1371,168,56,2948,1427
00000000000000001000_14135.jpg,237,181,90,17,327,198
00000000000000001000_14275.jpg,3791,1158,122,42,3913,1200
00000000000000001000_14275.jpg,1042,1666,240,67,1282,1733
00000000000000001000_14749.jpg,761,64,62,14,823,78
00000000000000001000_14749.jpg,266,144,80,17,346,161
00000000000000001000_14749.jpg,1063,724,131,34,1194,758
00000000000000001000_14749.jpg,3029,921,126,33,3155,954
00000000000000001000_14749.jpg,739,1676,215,61,954,1737
00000000000000001000_14749.jpg,3133,1734,185,69,3318,1803
00000000000000001000_21270.jpg,2562,1419,172,56,2734,1475
00000000000000001000_18171.jpg,1256,728,121,31,1377,759
00000000000000001000_459.jpg,1757,518,108,22,1865,540
00000000000000001000_8024.jpg,1188,656,125,28,1313,684
00000000000000001000_22174.jpg,817,493,112,25,929,518
00000000000000001000_22174.jpg,3751,1463,134,43,3885,1506
00000000000000001000_4644.jpg,1261,152,86,20,1347,172
00000000000000001000_4644.jpg,883,412,107,22,990,434
00000000000000001000_4644.jpg,474,1048,180,44,654,1092
00000000000000001000_4644.jpg,2800,1747,184,65,2984,1812
00000000000000001000_9729.jpg,1653,390,89,20,1742,410
00000000000000001000_9729.jpg,3012,1702,186,67,3198,1769
00000000000000001000_4714.jpg,929,1325,191,56,1120,1381
00000000000000001000_4714.jpg,3732,1268,133,43,3865,1311
00000000000000001000_4049.jpg,564,261,93,20,657,281
00000000000000001000_4049.jpg,1543,304,101,18,1644,322
00000000000000001000_4049.jpg,2814,421,103,24,2917,445
00000000000000001000_4049.jpg,2920,713,183,26,3103,739
00000000000000001000_4049.jpg,2910,991,131,31,3041,1022
00000000000000001000_4049.jpg,941,1385,193,54,1134,1439
00000000000000001000_4049.jpg,3225,1827,183,68,3408,1895
00000000000000001000_9079.jpg,788,340,103,22,891,362
00000000000000001000_9079.jpg,1660,375,90,20,1750,395
00000000000000001000_9079.jpg,2622,670,109,28,2731,698
00000000000000001000_9079.jpg,3094,1611,176,62,3270,1673
00000000000000001000_4539.jpg,944,516,107,24,1051,540
00000000000000001000_4539.jpg,2242,523,101,24,2343,547
00000000000000001000_20542.jpg,3906,1194,126,45,4032,1239
00000000000000001000_5184.jpg,623,293,118,19,741,312
00000000000000001000_5184.jpg,3000,1489,178,62,3178,1551
00000000000000001000_17987.jpg,2446,1321,173,46,2619,1367
00000000000000001000_13222.jpg,1845,405,96,19,1941,424
00000000000000001000_13222.jpg,486,1138,190,48,676,1186
00000000000000001000_13222.jpg,3326,1063,130,38,3456,1101
00000000000000001000_13222.jpg,3175,1763,184,71,3359,1834
00000000000000001000_4109.jpg,2671,765,116,30,2787,795
00000000000000001000_4109.jpg,2911,1616,191,63,3102,1679
00000000000000001000_3389.jpg,1689,1221,177,51,1866,1272
00000000000000001000_2294.jpg,1851,928,148,35,1999,963
00000000000000001000_2294.jpg,3465,1832,188,69,3653,1901
00000000000000001000_12504.jpg,1785,436,96,20,1881,456
00000000000000001000_12504.jpg,1692,954,172,41,1864,995
00000000000000001000_11368.jpg,2865,1611,179,64,3044,1675
00000000000000001000_4254.jpg,2977,878,118,30,3095,908
00000000000000001000_4254.jpg,2861,1759,183,67,3044,1826
00000000000000001000_23424.jpg,3397,1073,140,37,3537,1110
00000000000000001000_19208.jpg,1546,327,90,20,1636,347
00000000000000001000_19208.jpg,307,1175,187,48,494,1223
00000000000000001000_22963.jpg,2781,1323,167,55,2948,1378
00000000000000001000_8234.jpg,1502,339,87,17,1589,356
00000000000000001000_8234.jpg,881,492,108,26,989,518
00000000000000001000_8234.jpg,2972,1593,183,65,3155,1658
00000000000000001000_7419.jpg,2690,464,46,21,2736,485
00000000000000001000_7419.jpg,1418,771,129,31,1547,802
00000000000000001000_7419.jpg,2864,1619,174,67,3038,1686
00000000000000001000_4354.jpg,1051,374,190,35,1241,409
00000000000000001000_4354.jpg,1299,421,121,15,1420,436
00000000000000001000_4354.jpg,1058,672,125,29,1183,701
00000000000000001000_4354.jpg,601,1349,205,55,806,1404
00000000000000001000_4354.jpg,3760,1315,135,43,3895,1358
00000000000000001000_4354.jpg,2702,1652,199,67,2901,1719
00000000000000001000_1038.jpg,208,159,85,18,293,177
00000000000000001000_1038.jpg,1601,433,92,19,1693,452
00000000000000001000_1038.jpg,1239,694,131,30,1370,724
00000000000000001000_2354.jpg,1153,626,122,29,1275,655
00000000000000001000_2354.jpg,1945,541,100,21,2045,562
00000000000000001000_2354.jpg,3946,1302,123,42,4069,1344
00000000000000001000_17486.jpg,958,283,85,18,1043,301
00000000000000001000_17486.jpg,2685,1487,184,62,2869,1549
00000000000000001000_18096.jpg,2736,1630,182,61,2918,1691
00000000000000001000_5044.jpg,415,235,89,18,504,253
00000000000000001000_5044.jpg,1535,185,79,65,1614,250
00000000000000001000_5044.jpg,1495,412,81,15,1576,427
00000000000000001000_13720.jpg,998,738,125,31,1123,769
00000000000000001000_13720.jpg,3974,1387,119,46,4093,1433
00000000000000001000_22050.jpg,3486,1109,126,40,3612,1149
00000000000000001000_22050.jpg,2973,1974,190,68,3163,2042
00000000000000001000_8904.jpg,1358,318,63,19,1421,337
00000000000000001000_8904.jpg,623,1433,212,58,835,1491
00000000000000001000_18058.jpg,2570,1344,173,53,2743,1397
00000000000000001000_18058.jpg,3213,1118,134,39,3347,1157
00000000000000001000_7529.jpg,637,323,103,21,740,344
00000000000000001000_7529.jpg,1701,391,98,22,1799,413
00000000000000001000_7529.jpg,2296,1434,182,59,2478,1493
00000000000000001000_2924.jpg,2710,1376,166,52,2876,1428
00000000000000001000_18767.jpg,1559,407,92,21,1651,428
00000000000000001000_18767.jpg,2804,1656,195,68,2999,1724
00000000000000001000_16871.jpg,893,123,72,14,965,137
00000000000000001000_16871.jpg,3595,1143,134,40,3729,1183
00000000000000001000_16871.jpg,2956,1797,193,64,3149,1861
00000000000000001000_19825.jpg,211,219,81,17,292,236
00000000000000001000_19825.jpg,1659,330,88,19,1747,349
00000000000000001000_19825.jpg,1545,890,152,33,1697,923
00000000000000001000_19825.jpg,313,1342,199,53,512,1395
00000000000000001000_8064.jpg,2630,1510,171,54,2801,1564
00000000000000001000_5739.jpg,3904,1162,124,41,4028,1203
00000000000000001000_5739.jpg,710,1534,225,52,935,1586
00000000000000001000_4184.jpg,1274,605,124,30,1398,635
00000000000000001000_4184.jpg,3000,1256,149,34,3149,1290
00000000000000001000_4184.jpg,2930,1776,204,67,3134,1843
00000000000000001000_7349.jpg,1715,374,94,20,1809,394
00000000000000001000_22770.jpg,3041,1475,180,57,3221,1532
00000000000000001000_14939.jpg,1084,157,81,18,1165,175
00000000000000001000_14939.jpg,2330,1236,162,50,2492,1286
00000000000000001000_23072.jpg,301,231,83,17,384,248
00000000000000001000_23072.jpg,1574,344,87,18,1661,362
00000000000000001000_23072.jpg,2825,793,115,30,2940,823
00000000000000001000_23072.jpg,2965,1629,177,65,3142,1694
00000000000000001000_6864.jpg,3018,1574,184,63,3202,1637
00000000000000001000_19356.jpg,2694,1477,172,54,2866,1531
00000000000000001000_19356.jpg,1729,1596,183,78,1912,1674
00000000000000001000_21031.jpg,3566,1188,146,37,3712,1225
00000000000000001000_21031.jpg,2454,1552,181,61,2635,1613
00000000000000001000_12882.jpg,3595,1399,147,44,3742,1443
00000000000000001000_11029.jpg,793,55,64,18,857,73
00000000000000001000_11029.jpg,718,301,99,21,817,322
00000000000000001000_11029.jpg,1823,371,94,19,1917,390
00000000000000001000_11029.jpg,2983,1674,183,68,3166,1742
00000000000000001000_22454.jpg,716,446,102,22,818,468
00000000000000001000_22454.jpg,2794,1406,173,58,2967,1464
00000000000000001000_15765.jpg,1240,360,89,20,1329,380
00000000000000001000_15765.jpg,2942,833,77,21,3019,854
00000000000000001000_15765.jpg,2875,1757,179,61,3054,1818
00000000000000001000_10849.jpg,1347,1531,213,58,1560,1589
00000000000000001000_18003.jpg,204,160,79,16,283,176
00000000000000001000_18003.jpg,1294,686,131,31,1425,717
00000000000000001000_18003.jpg,3850,1304,132,44,3982,1348
00000000000000001000_188.jpg,130,69,78,15,208,84
00000000000000001000_188.jpg,1563,298,114,22,1677,320
00000000000000001000_188.jpg,2081,1205,171,43,2252,1248
00000000000000001000_188.jpg,997,1885,252,74,1249,1959
00000000000000001000_5969.jpg,1663,1008,157,42,1820,1050
00000000000000001000_24472.jpg,329,149,54,16,383,165
00000000000000001000_24472.jpg,1702,187,93,21,1795,208
00000000000000001000_24472.jpg,3798,1223,124,39,3922,1262
00000000000000001000_24472.jpg,2935,1521,176,62,3111,1583
00000000000000001000_56.jpg,1689,412,109,22,1798,434
00000000000000001000_11373.jpg,3385,1290,137,42,3522,1332
00000000000000001000_5244.jpg,378,1358,208,54,586,1412
00000000000000001000_5244.jpg,3138,1687,173,62,3311,1749
00000000000000001000_1241.jpg,1322,268,90,20,1412,288
00000000000000001000_1241.jpg,874,1980,232,67,1106,2047
00000000000000001000_1241.jpg,3614,1544,153,59,3767,1603
00000000000000001000_2864.jpg,2617,1338,175,52,2792,1390
00000000000000001000_2864.jpg,3963,1284,133,46,4096,1330
00000000000000001000_1013.jpg,94,43,76,15,170,58
00000000000000001000_1013.jpg,937,143,76,16,1013,159
00000000000000001000_1013.jpg,2753,1743,123,34,2876,1777
00000000000000001000_322.jpg,1086,1392,198,58,1284,1450
00000000000000001000_322.jpg,3130,1034,129,38,3259,1072
00000000000000001000_22705.jpg,1118,306,91,20,1209,326
00000000000000001000_22705.jpg,704,1338,207,53,911,1391
00000000000000001000_22705.jpg,3892,1219,132,42,4024,1261
00000000000000001000_23011.jpg,1411,716,132,31,1543,747
00000000000000001000_23011.jpg,2612,852,124,31,2736,883
00000000000000001000_23011.jpg,3137,1936,183,68,3320,2004
00000000000000001000_765.jpg,2033,1134,149,43,2182,1177
00000000000000001000_18033.jpg,1117,183,76,15,1193,198
00000000000000001000_18033.jpg,938,509,117,26,1055,535
00000000000000001000_18033.jpg,1897,499,98,22,1995,521
00000000000000001000_18033.jpg,3159,1083,129,41,3288,1124
00000000000000001000_18033.jpg,2833,1593,180,64,3013,1657
00000000000000001000_4209.jpg,1244,234,81,18,1325,252
00000000000000001000_4209.jpg,3805,1330,129,44,3934,1374
00000000000000001000_17180.jpg,3454,1053,119,38,3573,1091
00000000000000001000_18935.jpg,887,12,69,15,956,27
00000000000000001000_18935.jpg,1496,409,90,20,1586,429
00000000000000001000_2559.jpg,2552,663,108,24,2660,687
00000000000000001000_18757.jpg,526,342,94,19,620,361
00000000000000001000_18757.jpg,1945,415,103,23,2048,438
00000000000000001000_18757.jpg,3963,1350,130,46,4093,1396
00000000000000001000_18757.jpg,3100,1697,190,69,3290,1766
00000000000000001000_17874.jpg,2682,1513,180,57,2862,1570
00000000000000001000_6639.jpg,1377,360,88,19,1465,379
00000000000000001000_22096.jpg,3035,1517,164,56,3199,1573
00000000000000001000_21137.jpg,1466,344,87,18,1553,362
00000000000000001000_21137.jpg,2642,869,119,31,2761,900
00000000000000001000_21137.jpg,585,1195,188,46,773,1241
00000000000000001000_21137.jpg,2292,1541,178,56,2470,1597
00000000000000001000_18552.jpg,1445,342,84,17,1529,359
00000000000000001000_18552.jpg,1083,609,124,30,1207,639
00000000000000001000_18552.jpg,2936,1766,180,65,3116,1831
00000000000000001000_23364.jpg,3980,1352,109,43,4089,1395
00000000000000001000_24792.jpg,2364,1400,179,55,2543,1455
00000000000000001000_24792.jpg,770,1579,223,60,993,1639
00000000000000001000_1126.jpg,1666,476,95,23,1761,499
00000000000000001000_1126.jpg,2746,1677,183,65,2929,1742
00000000000000001000_24787.jpg,3992,1267,106,41,4098,1308
00000000000000001000_24787.jpg,769,1578,223,61,992,1639
00000000000000001000_16677.jpg,400,150,87,18,487,168
00000000000000001000_16677.jpg,1461,384,89,18,1550,402
00000000000000001000_16677.jpg,3913,1231,123,45,4036,1276
00000000000000001000_6229.jpg,957,184,78,16,1035,200
00000000000000001000_6229.jpg,2631,1483,188,60,2819,1543
00000000000000001000_11433.jpg,2979,1649,184,64,3163,1713
00000000000000001000_4954.jpg,745,303,105,22,850,325
00000000000000001000_8359.jpg,2634,1365,175,55,2809,1420
00000000000000001000_20203.jpg,3521,1631,154,57,3675,1688
00000000000000001000_198.jpg,303,157,85,16,388,173
00000000000000001000_198.jpg,1484,323,90,18,1574,341
00000000000000001000_198.jpg,342,986,176,44,518,1030
00000000000000001000_198.jpg,1414,780,135,33,1549,813
00000000000000001000_198.jpg,3284,1041,129,37,3413,1078
00000000000000001000_12133.jpg,356,142,85,17,441,159
00000000000000001000_12133.jpg,369,1155,191,50,560,1205
00000000000000001000_19612.jpg,1218,876,161,31,1379,907
00000000000000001000_19612.jpg,2551,775,112,26,2663,801
00000000000000001000_244.jpg,1133,236,82,16,1215,252
00000000000000001000_244.jpg,592,463,105,23,697,486
00000000000000001000_244.jpg,2451,723,107,25,2558,748
00000000000000001000_244.jpg,2960,1680,186,66,3146,1746
00000000000000001000_22820.jpg,2443,1477,181,52,2624,1529
00000000000000001000_19223.jpg,1230,333,86,19,1316,352
00000000000000001000_19223.jpg,1031,561,122,29,1153,590
00000000000000001000_18687.jpg,3718,1291,142,42,3860,1333
00000000000000001000_13920.jpg,3791,1442,133,46,3924,1488
00000000000000001000_11669.jpg,320,183,80,16,400,199
00000000000000001000_11669.jpg,1982,421,96,20,2078,441
00000000000000001000_11669.jpg,1396,782,126,30,1522,812
00000000000000001000_11669.jpg,3653,1056,121,38,3774,1094
00000000000000001000_11669.jpg,3485,1796,182,72,3667,1868
00000000000000001000_4854.jpg,2987,954,121,34,3108,988
00000000000000001000_17686.jpg,2585,1570,175,59,2760,1629
00000000000000001000_13685.jpg,879,50,71,16,950,66
00000000000000001000_13685.jpg,3731,1238,131,43,3862,1281
00000000000000001000_13685.jpg,2386,1535,186,62,2572,1597
00000000000000001000_14085.jpg,1248,291,88,19,1336,310
00000000000000001000_14085.jpg,716,418,106,23,822,441
00000000000000001000_14085.jpg,3141,1115,126,34,3267,1149
00000000000000001000_14085.jpg,2755,1719,183,64,2938,1783
00000000000000001000_12767.jpg,275,156,78,17,353,173
00000000000000001000_12767.jpg,1258,278,83,16,1341,294
00000000000000001000_12767.jpg,2745,818,115,30,2860,848
00000000000000001000_12767.jpg,3476,1766,171,67,3647,1833
00000000000000001000_20041.jpg,1130,226,84,18,1214,244
00000000000000001000_20041.jpg,2903,876,136,33,3039,909
00000000000000001000_20041.jpg,2732,1506,181,58,2913,1564
00000000000000001000_193.jpg,232,123,86,17,318,140
00000000000000001000_193.jpg,997,1886,253,75,1250,1961
00000000000000001000_3309.jpg,1107,215,82,16,1189,231
00000000000000001000_3309.jpg,2085,528,106,22,2191,550
00000000000000001000_3309.jpg,428,1297,208,54,636,1351
00000000000000001000_3309.jpg,2905,1591,183,63,3088,1654
00000000000000001000_2484.jpg,1870,934,143,39,2013,973
00000000000000001000_2484.jpg,299,1098,184,44,483,1142
00000000000000001000_2484.jpg,3918,1167,128,41,4046,1208
00000000000000001000_645.jpg,2842,1733,185,67,3027,1800
00000000000000001000_15997.jpg,3888,1169,113,116,4001,1285
00000000000000001000_15997.jpg,1166,1811,221,68,1387,1879
00000000000000001000_23682.jpg,2707,852,117,31,2824,883
00000000000000001000_11461.jpg,2491,1354,171,54,2662,1408
00000000000000001000_155.jpg,217,140,83,17,300,157
00000000000000001000_155.jpg,2708,1620,188,65,2896,1685
00000000000000001000_12433.jpg,3301,993,119,34,3420,1027
00000000000000001000_5084.jpg,922,76,67,18,989,94
00000000000000001000_5084.jpg,467,190,89,20,556,210
00000000000000001000_5084.jpg,3661,1156,130,42,3791,1198
00000000000000001000_1329.jpg,1769,363,79,20,1848,383
00000000000000001000_1329.jpg,1223,805,120,30,1343,835
00000000000000001000_21371.jpg,1563,313,87,19,1650,332
00000000000000001000_21371.jpg,3074,1081,126,36,3200,1117
00000000000000001000_21371.jpg,2981,1546,180,64,3161,1610
00000000000000001000_12567.jpg,1150,210,79,17,1229,227
00000000000000001000_12567.jpg,2648,1507,181,57,2829,1564
00000000000000001000_13925.jpg,1216,557,120,28,1336,585
00000000000000001000_13925.jpg,1725,502,95,22,1820,524
00000000000000001000_13925.jpg,3628,1349,128,43,3756,1392
00000000000000001000_13925.jpg,2846,1657,188,67,3034,1724
00000000000000001000_1457.jpg,1187,252,79,17,1266,269
00000000000000001000_1457.jpg,3572,1165,127,41,3699,1206
00000000000000001000_1457.jpg,2695,1659,187,65,2882,1724
00000000000000001000_20046.jpg,1730,511,102,23,1832,534
00000000000000001000_20046.jpg,3375,1101,109,34,3484,1135
00000000000000001000_5959.jpg,3143,1119,138,37,3281,1156
00000000000000001000_7899.jpg,1895,400,52,67,1947,467
00000000000000001000_7899.jpg,2639,1582,182,63,2821,1645
00000000000000001000_13402.jpg,1233,755,127,30,1360,785
00000000000000001000_13402.jpg,667,1358,209,56,876,1414
00000000000000001000_13402.jpg,3929,1510,133,49,4062,1559
00000000000000001000_3049.jpg,645,314,98,22,743,336
00000000000000001000_3049.jpg,270,956,110,52,380,1008
00000000000000001000_3049.jpg,2551,690,117,25,2668,715
00000000000000001000_3049.jpg,3171,1719,185,68,3356,1787
00000000000000001000_17087.jpg,1079,248,84,17,1163,265
00000000000000001000_17087.jpg,3886,1237,137,46,4023,1283
00000000000000001000_11621.jpg,2734,931,107,30,2841,961
00000000000000001000_11621.jpg,3025,1736,169,64,3194,1800
00000000000000001000_24622.jpg,3737,1183,126,41,3863,1224
00000000000000001000_9174.jpg,1489,412,92,15,1581,427
00000000000000001000_9174.jpg,394,1409,203,51,597,1460
00000000000000001000_9174.jpg,2681,1591,177,61,2858,1652
00000000000000001000_4819.jpg,907,523,115,27,1022,550
00000000000000001000_4819.jpg,2295,635,110,27,2405,662
00000000000000001000_4819.jpg,3074,1644,175,64,3249,1708
00000000000000001000_4504.jpg,1244,153,87,20,1331,173
00000000000000001000_4504.jpg,2377,1363,182,57,2559,1420
00000000000000001000_8894.jpg,1032,76,73,18,1105,94
00000000000000001000_8894.jpg,3821,1200,134,43,3955,1243
00000000000000001000_8894.jpg,743,1564,222,62,965,1626
00000000000000001000_8894.jpg,2439,1600,198,56,2637,1656
00000000000000001000_8484.jpg,3269,1637,176,60,3445,1697
00000000000000001000_8954.jpg,3935,1399,133,47,4068,1446
00000000000000001000_23687.jpg,3076,811,115,33,3191,844
00000000000000001000_23687.jpg,2728,1385,165,54,2893,1439
00000000000000001000_14200.jpg,3678,1394,135,46,3813,1440
00000000000000001000_4889.jpg,1263,1506,223,62,1486,1568
00000000000000001000_18389.jpg,2413,683,111,28,2524,711
00000000000000001000_18389.jpg,2638,1506,179,60,2817,1566
00000000000000001000_3579.jpg,3136,1738,175,66,3311,1804
00000000000000001000_1487.jpg,3996,1256,100,42,4096,1298
00000000000000001000_9644.jpg,295,812,164,38,459,850
00000000000000001000_18126.jpg,1432,189,80,17,1512,206
00000000000000001000_18126.jpg,795,1642,235,55,1030,1697
00000000000000001000_18126.jpg,3030,1663,182,66,3212,1729
00000000000000001000_17864.jpg,3613,1117,130,39,3743,1156
00000000000000001000_10584.jpg,2291,656,107,26,2398,682
00000000000000001000_10114.jpg,1643,262,85,19,1728,281
00000000000000001000_7914.jpg,548,241,91,20,639,261
00000000000000001000_7914.jpg,3013,733,110,31,3123,764
00000000000000001000_7914.jpg,2713,1593,183,61,2896,1654
00000000000000001000_23885.jpg,3351,1043,124,38,3475,1081
00000000000000001000_23885.jpg,755,1563,201,51,956,1614
00000000000000001000_22075.jpg,2539,1374,173,54,2712,1428
00000000000000001000_22075.jpg,3911,1378,136,48,4047,1426
00000000000000001000_12471.jpg,2292,1225,166,49,2458,1274
00000000000000001000_6814.jpg,1146,199,83,20,1229,219
00000000000000001000_6814.jpg,1979,1005,152,40,2131,1045
00000000000000001000_18807.jpg,477,331,96,20,573,351
00000000000000001000_18807.jpg,1750,406,95,20,1845,426
00000000000000001000_18807.jpg,3029,1567,183,64,3212,1631
00000000000000001000_7114.jpg,1844,371,94,21,1938,392
00000000000000001000_7114.jpg,799,543,113,26,912,569
00000000000000001000_7114.jpg,2642,1679,182,62,2824,1741
00000000000000001000_5804.jpg,266,1005,159,40,425,1045
00000000000000001000_14621.jpg,960,96,75,16,1035,112
00000000000000001000_14621.jpg,1870,419,98,23,1968,442
00000000000000001000_1852.jpg,3666,1116,119,36,3785,1152
00000000000000001000_13407.jpg,667,1358,208,56,875,1414
00000000000000001000_13407.jpg,2570,1394,175,55,2745,1449
00000000000000001000_21714.jpg,698,61,58,14,756,75
00000000000000001000_21714.jpg,1145,540,116,25,1261,565
00000000000000001000_21714.jpg,2049,521,94,22,2143,543
00000000000000001000_21714.jpg,674,1326,184,49,858,1375
00000000000000001000_21714.jpg,3132,1551,185,64,3317,1615
00000000000000001000_8154.jpg,1191,317,71,18,1262,335
00000000000000001000_8154.jpg,2970,1621,180,65,3150,1686
00000000000000001000_10054.jpg,1828,382,92,20,1920,402
00000000000000001000_10054.jpg,536,1650,236,67,772,1717
00000000000000001000_8529.jpg,910,649,116,30,1026,679
00000000000000001000_8529.jpg,2618,1640,183,59,2801,1699
00000000000000001000_2584.jpg,3038,1600,180,64,3218,1664
00000000000000001000_13675.jpg,908,70,75,16,983,86
00000000000000001000_13675.jpg,3799,1373,128,44,3927,1417
00000000000000001000_13675.jpg,2499,1761,199,65,2698,1826
00000000000000001000_20885.jpg,952,201,78,17,1030,218
00000000000000001000_20885.jpg,963,579,122,28,1085,607
00000000000000001000_20885.jpg,434,1228,196,52,630,1280
00000000000000001000_2186.jpg,2287,1442,168,55,2455,1497
00000000000000001000_740.jpg,3630,1206,135,41,3765,1247
00000000000000001000_5099.jpg,990,152,81,17,1071,169
00000000000000001000_5099.jpg,921,515,120,28,1041,543
00000000000000001000_5099.jpg,3945,1311,133,43,4078,1354
00000000000000001000_17130.jpg,2510,506,109,66,2619,572
00000000000000001000_17130.jpg,3767,1411,134,47,3901,1458
00000000000000001000_17130.jpg,2863,1451,180,57,3043,1508
00000000000000001000_21965.jpg,1158,249,80,19,1238,268
00000000000000001000_21965.jpg,413,269,94,19,507,288
00000000000000001000_21965.jpg,2916,1433,177,55,3093,1488
00000000000000001000_21965.jpg,1105,1757,245,72,1350,1829
00000000000000001000_21965.jpg,3954,1517,139,49,4093,1566
00000000000000001000_12892.jpg,2535,1480,193,56,2728,1536
00000000000000001000_17521.jpg,2851,1673,181,63,3032,1736
00000000000000001000_3819.jpg,1458,363,89,19,1547,382
00000000000000001000_3819.jpg,3089,1574,178,63,3267,1637
00000000000000001000_21157.jpg,3615,1166,128,40,3743,1206
00000000000000001000_21157.jpg,3069,1414,141,55,3210,1469
00000000000000001000_21157.jpg,2842,1795,147,56,2989,1851
00000000000000001000_515.jpg,1417,465,70,20,1487,485
00000000000000001000_515.jpg,3069,1112,75,25,3144,1137
00000000000000001000_7549.jpg,769,427,109,24,878,451
00000000000000001000_7549.jpg,2230,1213,160,46,2390,1259
00000000000000001000_7549.jpg,3932,1198,133,44,4065,1242
00000000000000001000_14000.jpg,1858,388,95,22,1953,410
00000000000000001000_14000.jpg,1120,533,121,28,1241,561
00000000000000001000_14000.jpg,871,1698,241,69,1112,1767
00000000000000001000_14000.jpg,2876,1706,173,60,3049,1766
00000000000000001000_19920.jpg,2388,723,117,28,2505,751
00000000000000001000_19920.jpg,2891,1612,186,66,3077,1678
00000000000000001000_5774.jpg,1175,1235,118,25,1293,1260
00000000000000001000_5774.jpg,1190,1174,204,36,1394,1210
00000000000000001000_5774.jpg,3569,1323,138,43,3707,1366
00000000000000001000_5774.jpg,828,1587,225,57,1053,1644
00000000000000001000_12857.jpg,1480,484,103,25,1583,509
00000000000000001000_12857.jpg,3451,1102,130,37,3581,1139
00000000000000001000_12857.jpg,3083,1867,121,51,3204,1918
00000000000000001000_8439.jpg,2550,422,145,29,2695,451
00000000000000001000_8439.jpg,3259,463,87,17,3346,480
00000000000000001000_14553.jpg,924,99,72,14,996,113
00000000000000001000_14553.jpg,2399,753,116,28,2515,781
00000000000000001000_14553.jpg,538,1444,205,55,743,1499
00000000000000001000_14553.jpg,2356,1360,173,56,2529,1416
00000000000000001000_6304.jpg,1346,358,67,21,1413,379
00000000000000001000_6304.jpg,2563,1401,180,56,2743,1457
00000000000000001000_21486.jpg,1090,205,77,16,1167,221
00000000000000001000_21486.jpg,609,334,102,22,711,356
00000000000000001000_21486.jpg,3971,1365,126,45,4097,1410
00000000000000001000_3384.jpg,2473,1344,174,52,2647,1396
00000000000000001000_18532.jpg,796,533,105,24,901,557
00000000000000001000_18532.jpg,2690,1538,197,57,2887,1595
00000000000000001000_845.jpg,811,520,116,26,927,546
00000000000000001000_845.jpg,2472,1601,167,61,2639,1662
00000000000000001000_2339.jpg,3457,1232,129,39,3586,1271
00000000000000001000_16682.jpg,175,44,76,17,251,61
00000000000000001000_16682.jpg,1088,229,77,16,1165,245
00000000000000001000_16682.jpg,2819,818,113,30,2932,848
00000000000000001000_19855.jpg,856,48,70,14,926,62
00000000000000001000_19855.jpg,148,98,68,21,216,119
00000000000000001000_19855.jpg,814,527,108,24,922,551
00000000000000001000_19855.jpg,2223,603,103,22,2326,625
00000000000000001000_19855.jpg,2977,1650,187,64,3164,1714
00000000000000001000_14626.jpg,1084,126,78,16,1162,142
00000000000000001000_14626.jpg,1696,502,100,24,1796,526
00000000000000001000_14626.jpg,2451,1242,168,52,2619,1294
00000000000000001000_16702.jpg,3684,1190,126,41,3810,1231
00000000000000001000_18484.jpg,2676,1390,169,55,2845,1445
00000000000000001000_18484.jpg,1235,1681,221,66,1456,1747
00000000000000001000_16647.jpg,3564,1818,167,71,3731,1889
00000000000000001000_18870.jpg,919,67,75,18,994,85
00000000000000001000_18870.jpg,300,238,86,18,386,256
00000000000000001000_18870.jpg,2845,944,115,32,2960,976
00000000000000001000_18870.jpg,3115,1835,180,72,3295,1907
00000000000000001000_9374.jpg,526,1309,195,54,721,1363
00000000000000001000_5194.jpg,424,115,74,19,498,134
00000000000000001000_5194.jpg,1278,686,135,31,1413,717
00000000000000001000_5194.jpg,3592,920,118,35,3710,955
00000000000000001000_3194.jpg,1245,8,80,18,1325,26
00000000000000001000_2594.jpg,2528,928,126,30,2654,958
00000000000000001000_2759.jpg,768,361,104,22,872,383
00000000000000001000_2759.jpg,2137,471,100,23,2237,494
00000000000000001000_2759.jpg,491,976,163,38,654,1014
00000000000000001000_2759.jpg,2828,1683,189,65,3017,1748
00000000000000001000_24098.jpg,1046,173,76,15,1122,188
00000000000000001000_3809.jpg,3291,1225,143,41,3434,1266
00000000000000001000_2969.jpg,1238,201,89,21,1327,222
00000000000000001000_2969.jpg,601,1242,138,46,739,1288
00000000000000001000_2969.jpg,3797,1370,131,44,3928,1414
00000000000000001000_9719.jpg,902,1784,252,74,1154,1858
00000000000000001000_9719.jpg,2806,1514,174,57,2980,1571
00000000000000001000_23988.jpg,2764,1518,163,53,2927,1571
00000000000000001000_1532.jpg,2496,1381,171,53,2667,1434
00000000000000001000_6774.jpg,1678,398,99,21,1777,419
00000000000000001000_6774.jpg,3148,1902,186,66,3334,1968
00000000000000001000_10079.jpg,3341,1215,136,41,3477,1256
00000000000000001000_10079.jpg,2574,1530,176,62,2750,1592
00000000000000001000_21785.jpg,3952,1225,130,46,4082,1271
00000000000000001000_520.jpg,1348,847,138,34,1486,881
00000000000000001000_15644.jpg,1831,457,88,22,1919,479
00000000000000001000_13635.jpg,1262,316,89,20,1351,336
00000000000000001000_13635.jpg,3970,1296,123,45,4093,1341
00000000000000001000_10229.jpg,1618,392,92,21,1710,413
00000000000000001000_10229.jpg,1053,518,122,26,1175,544
00000000000000001000_10229.jpg,950,1826,251,78,1201,1904
00000000000000001000_10229.jpg,2870,1739,185,66,3055,1805
00000000000000001000_6959.jpg,954,482,112,26,1066,508
00000000000000001000_6959.jpg,2280,551,106,25,2386,576
00000000000000001000_6959.jpg,2760,1514,183,60,2943,1574
00000000000000001000_12178.jpg,432,282,94,18,526,300
00000000000000001000_24647.jpg,2885,1636,188,65,3073,1701
00000000000000001000_20253.jpg,3560,1070,121,36,3681,1106
00000000000000001000_20253.jpg,2980,1622,188,59,3168,1681
00000000000000001000_3059.jpg,3155,870,117,32,3272,902
00000000000000001000_4364.jpg,601,1349,205,54,806,1403
00000000000000001000_4364.jpg,2520,1262,169,53,2689,1315
00000000000000001000_7519.jpg,1747,426,100,19,1847,445
00000000000000001000_7519.jpg,1155,720,125,31,1280,751
00000000000000001000_7519.jpg,3516,1019,120,37,3636,1056
00000000000000001000_7519.jpg,2996,1728,185,67,3181,1795
00000000000000001000_13427.jpg,1108,175,81,16,1189,191
00000000000000001000_13427.jpg,430,213,89,18,519,231
00000000000000001000_13427.jpg,1504,850,140,36,1644,886
00000000000000001000_850.jpg,90,130,82,16,172,146
00000000000000001000_850.jpg,874,642,109,29,983,671
00000000000000001000_10749.jpg,1444,295,88,19,1532,314
00000000000000001000_10749.jpg,922,601,112,26,1034,627
00000000000000001000_10749.jpg,2756,917,117,31,2873,948
00000000000000001000_10749.jpg,2616,1612,186,60,2802,1672
00000000000000001000_10809.jpg,3792,1270,127,40,3919,1310
00000000000000001000_3374.jpg,2406,664,109,26,2515,690
00000000000000001000_3374.jpg,2595,1527,176,59,2771,1586
00000000000000001000_12476.jpg,2968,1830,188,66,3156,1896
00000000000000001000_9304.jpg,822,482,107,23,929,505
00000000000000001000_9304.jpg,2463,784,112,30,2575,814
00000000000000001000_9304.jpg,2946,1857,188,72,3134,1929
00000000000000001000_22381.jpg,3,42,64,15,67,57
00000000000000001000_22381.jpg,1762,414,101,21,1863,435
00000000000000001000_1374.jpg,360,186,88,18,448,204
00000000000000001000_1374.jpg,3790,1200,123,44,3913,1244
00000000000000001000_24352.jpg,1782,416,96,21,1878,437
00000000000000001000_24352.jpg,1244,584,106,29,1350,613
00000000000000001000_24352.jpg,874,862,238,32,1112,894
00000000000000001000_24352.jpg,749,1761,224,62,973,1823
00000000000000001000_1063.jpg,313,266,91,18,404,284
00000000000000001000_1063.jpg,1775,535,101,24,1876,559
00000000000000001000_1063.jpg,2975,1703,187,68,3162,1771
00000000000000001000_8709.jpg,3302,1438,147,45,3449,1483
00000000000000001000_1642.jpg,406,197,85,18,491,215
00000000000000001000_3524.jpg,3723,1061,124,37,3847,1098
00000000000000001000_20617.jpg,1168,699,119,26,1287,725
00000000000000001000_18602.jpg,1736,448,90,19,1826,467
00000000000000001000_18602.jpg,748,1733,230,63,978,1796
00000000000000001000_18602.jpg,2719,1535,173,58,2892,1593
00000000000000001000_5654.jpg,717,357,103,24,820,381
00000000000000001000_5654.jpg,1306,219,80,16,1386,235
00000000000000001000_5654.jpg,1075,1709,240,68,1315,1777
00000000000000001000_16992.jpg,1000,120,75,17,1075,137
00000000000000001000_16992.jpg,622,253,96,18,718,271
00000000000000001000_16992.jpg,2839,1458,176,56,3015,1514
00000000000000001000_1108.jpg,1311,299,87,19,1398,318
00000000000000001000_1108.jpg,612,428,105,22,717,450
00000000000000001000_1108.jpg,2565,1463,178,58,2743,1521
00000000000000001000_17037.jpg,1904,448,102,24,2006,472
00000000000000001000_17037.jpg,2123,1122,163,47,2286,1169
00000000000000001000_7264.jpg,1953,394,98,21,2051,415
00000000000000001000_7264.jpg,946,533,113,25,1059,558
00000000000000001000_7264.jpg,895,1332,208,55,1103,1387
00000000000000001000_7264.jpg,2654,1453,179,59,2833,1512
00000000000000001000_5429.jpg,422,1112,182,46,604,1158
00000000000000001000_5429.jpg,3713,1800,166,66,3879,1866
00000000000000001000_18101.jpg,592,365,100,22,692,387
00000000000000001000_347.jpg,322,230,86,17,408,247
00000000000000001000_347.jpg,1402,207,85,18,1487,225
00000000000000001000_347.jpg,3435,1247,133,52,3568,1299
00000000000000001000_6844.jpg,1187,123,74,15,1261,138
00000000000000001000_6844.jpg,843,413,110,22,953,435
00000000000000001000_6844.jpg,3047,890,120,31,3167,921
00000000000000001000_6844.jpg,3120,1623,203,68,3323,1691
00000000000000001000_16707.jpg,3606,1214,131,41,3737,1255
00000000000000001000_16707.jpg,978,1637,232,67,1210,1704
00000000000000001000_16707.jpg,2975,1624,177,61,3152,1685
00000000000000001000_16382.jpg,3907,1699,151,59,4058,1758
00000000000000001000_7524.jpg,738,436,106,24,844,460
00000000000000001000_7524.jpg,1487,249,86,20,1573,269
00000000000000001000_7524.jpg,2981,1642,190,66,3171,1708
00000000000000001000_10429.jpg,2864,1748,185,67,3049,1815
00000000000000001000_23502.jpg,1804,980,149,39,1953,1019
00000000000000001000_3349.jpg,682,278,94,18,776,296
00000000000000001000_3349.jpg,2371,710,121,26,2492,736
00000000000000001000_3349.jpg,1670,884,130,35,1800,919
00000000000000001000_3349.jpg,3519,1785,173,73,3692,1858
00000000000000001000_1279.jpg,2771,859,169,31,2940,890
00000000000000001000_1279.jpg,2961,1779,185,67,3146,1846
00000000000000001000_18910.jpg,2089,550,95,24,2184,574
00000000000000001000_18910.jpg,3961,1329,126,38,4087,1367
00000000000000001000_6574.jpg,453,1391,210,56,663,1447
00000000000000001000_15979.jpg,917,406,99,20,1016,426
00000000000000001000_15979.jpg,315,1174,197,48,512,1222
00000000000000001000_13665.jpg,1715,1045,147,40,1862,1085
00000000000000001000_13665.jpg,3972,1290,116,45,4088,1335
00000000000000001000_20412.jpg,1032,1746,240,71,1272,1817
00000000000000001000_10739.jpg,2317,3,79,34,2396,37
00000000000000001000_10739.jpg,2128,620,106,24,2234,644
00000000000000001000_10739.jpg,2888,1567,184,66,3072,1633
00000000000000001000_16438.jpg,3553,1356,136,41,3689,1397
00000000000000001000_1912.jpg,3801,1408,147,43,3948,1451
00000000000000001000_9349.jpg,866,412,105,24,971,436
00000000000000001000_9349.jpg,1758,357,92,21,1850,378
00000000000000001000_9349.jpg,526,1311,195,54,721,1365
00000000000000001000_9349.jpg,2418,1168,166,47,2584,1215
00000000000000001000_9349.jpg,4000,1235,90,33,4090,1268
00000000000000001000_20517.jpg,1128,179,95,18,1223,197
00000000000000001000_20517.jpg,1115,622,115,26,1230,648
00000000000000001000_20517.jpg,3061,1774,179,64,3240,1838
00000000000000001000_21855.jpg,1898,463,107,24,2005,487
00000000000000001000_21855.jpg,1123,661,119,29,1242,690
00000000000000001000_21855.jpg,3812,1330,136,43,3948,1373
00000000000000001000_21855.jpg,3230,1766,176,66,3406,1832
00000000000000001000_15125.jpg,1805,421,98,22,1903,443
00000000000000001000_15125.jpg,1464,825,129,32,1593,857
00000000000000001000_15125.jpg,3132,1632,187,67,3319,1699
00000000000000001000_22640.jpg,632,17,67,15,699,32
00000000000000001000_22640.jpg,189,103,78,15,267,118
00000000000000001000_22640.jpg,1353,273,83,18,1436,291
00000000000000001000_22640.jpg,888,487,101,23,989,510
00000000000000001000_22640.jpg,3704,1235,138,44,3842,1279
00000000000000001000_18048.jpg,3817,1240,123,43,3940,1283
00000000000000001000_8014.jpg,2703,741,111,27,2814,768
00000000000000001000_8014.jpg,3205,1537,170,63,3375,1600
00000000000000001000_4994.jpg,358,212,82,18,440,230
00000000000000001000_4994.jpg,3595,1456,138,57,3733,1513
00000000000000001000_958.jpg,1202,272,83,16,1285,288
00000000000000001000_958.jpg,2203,595,111,26,2314,621
00000000000000001000_958.jpg,2688,1586,184,63,2872,1649
00000000000000001000_10024.jpg,2003,461,97,22,2100,483
00000000000000001000_10024.jpg,558,1326,201,55,759,1381
00000000000000001000_10024.jpg,3164,1586,176,64,3340,1650
00000000000000001000_5664.jpg,2189,899,123,32,2312,931
00000000000000001000_5664.jpg,1076,1711,239,64,1315,1775
00000000000000001000_16198.jpg,2453,1558,188,51,2641,1609
00000000000000001000_12115.jpg,2540,1379,169,53,2709,1432
00000000000000001000_11714.jpg,3013,1062,128,36,3141,1098
00000000000000001000_23384.jpg,2946,867,119,32,3065,899
00000000000000001000_11497.jpg,402,285,99,22,501,307
00000000000000001000_11497.jpg,2299,541,131,24,2430,565
00000000000000001000_11497.jpg,1421,747,130,32,1551,779
00000000000000001000_24507.jpg,2400,1565,177,55,2577,1620
00000000000000001000_16130.jpg,428,337,94,20,522,357
00000000000000001000_16130.jpg,1826,530,96,21,1922,551
00000000000000001000_16130.jpg,1574,879,144,34,1718,913
00000000000000001000_16130.jpg,647,1448,210,52,857,1500
00000000000000001000_16130.jpg,3921,1329,129,39,4050,1368
00000000000000001000_15689.jpg,1273,1455,198,58,1471,1513
00000000000000001000_870.jpg,45,106,75,15,120,121
00000000000000001000_870.jpg,1745,468,97,20,1842,488
00000000000000001000_870.jpg,3641,1215,133,41,3774,1256
00000000000000001000_16002.jpg,3540,1267,147,48,3687,1315
00000000000000001000_16002.jpg,1167,1812,220,68,1387,1880
00000000000000001000_13372.jpg,732,475,115,22,847,497
00000000000000001000_13372.jpg,2138,593,106,25,2244,618
00000000000000001000_13372.jpg,667,1358,209,56,876,1414
00000000000000001000_13372.jpg,2874,1741,174,63,3048,1804
00000000000000001000_17556.jpg,633,274,85,20,718,294
00000000000000001000_17556.jpg,3113,1464,179,58,3292,1522
00000000000000001000_11239.jpg,148,56,73,16,221,72
00000000000000001000_11239.jpg,1200,205,83,20,1283,225
00000000000000001000_241.jpg,411,1161,185,48,596,1209
00000000000000001000_241.jpg,3852,1324,140,45,3992,1369
00000000000000001000_241.jpg,2616,1374,170,52,2786,1426
00000000000000001000_6249.jpg,3536,1092,129,40,3665,1132
00000000000000001000_11752.jpg,713,7,67,14,780,21
00000000000000001000_11752.jpg,1567,405,96,22,1663,427
00000000000000001000_11752.jpg,3870,1362,129,44,3999,1406
00000000000000001000_23057.jpg,433,339,100,21,533,360
00000000000000001000_23057.jpg,1491,264,86,17,1577,281
00000000000000001000_23057.jpg,3031,1804,187,66,3218,1870
00000000000000001000_8554.jpg,927,1051,175,46,1102,1097
00000000000000001000_8554.jpg,3751,1107,128,41,3879,1148
00000000000000001000_20697.jpg,2417,1818,194,77,2611,1895
00000000000000001000_16206.jpg,1593,922,134,33,1727,955
00000000000000001000_16206.jpg,979,1971,256,76,1235,2047
00000000000000001000_5834.jpg,1485,719,130,31,1615,750
00000000000000001000_24777.jpg,858,468,112,28,970,496
00000000000000001000_24777.jpg,2716,859,118,28,2834,887
00000000000000001000_24777.jpg,770,1578,223,60,993,1638
00000000000000001000_24777.jpg,2726,1600,186,62,2912,1662
00000000000000001000_9379.jpg,526,1308,196,54,722,1362
00000000000000001000_7024.jpg,896,501,108,24,1004,525
00000000000000001000_7024.jpg,2454,666,110,26,2564,692
00000000000000001000_7024.jpg,3105,1563,175,61,3280,1624
00000000000000001000_4514.jpg,651,1454,198,57,849,1511
00000000000000001000_4514.jpg,3165,1547,176,59,3341,1606
00000000000000001000_8649.jpg,1335,272,82,21,1417,293
00000000000000001000_8649.jpg,3904,1452,132,47,4036,1499
00000000000000001000_13432.jpg,393,229,91,19,484,248
00000000000000001000_13432.jpg,2043,548,103,24,2146,572
00000000000000001000_13432.jpg,2907,1532,173,59,3080,1591
00000000000000001000_206.jpg,3278,1178,90,38,3368,1216
00000000000000001000_206.jpg,3099,1558,172,63,3271,1621
00000000000000001000_1712.jpg,400,245,94,18,494,263
00000000000000001000_1712.jpg,1529,353,93,18,1622,371
00000000000000001000_1712.jpg,3213,1102,127,38,3340,1140
00000000000000001000_1712.jpg,2939,1716,190,71,3129,1787
00000000000000001000_13187.jpg,925,241,82,18,1007,259
00000000000000001000_13187.jpg,839,1388,243,59,1082,1447
00000000000000001000_14558.jpg,538,1445,204,54,742,1499
00000000000000001000_14558.jpg,3451,1100,130,37,3581,1137
00000000000000001000_20001.jpg,1947,587,101,23,2048,610
00000000000000001000_20001.jpg,2514,1656,185,60,2699,1716
00000000000000001000_22943.jpg,952,90,72,16,1024,106
00000000000000001000_22943.jpg,562,236,94,20,656,256
00000000000000001000_22943.jpg,3241,1480,167,59,3408,1539
00000000000000001000_9144.jpg,785,1236,190,48,975,1284
00000000000000001000_9144.jpg,2695,1346,168,55,2863,1401
00000000000000001000_10784.jpg,3811,1172,128,40,3939,1212
00000000000000001000_20677.jpg,2130,638,107,26,2237,664
00000000000000001000_20677.jpg,2876,1597,176,62,3052,1659
00000000000000001000_22081.jpg,402,204,85,18,487,222
00000000000000001000_22081.jpg,2046,684,112,26,2158,710
00000000000000001000_22081.jpg,2595,1566,196,60,2791,1626
00000000000000001000_14914.jpg,503,192,91,18,594,210
00000000000000001000_14914.jpg,2311,822,116,30,2427,852
00000000000000001000_14914.jpg,3156,1741,197,65,3353,1806
00000000000000001000_19948.jpg,215,206,81,16,296,222
00000000000000001000_19948.jpg,1474,395,97,21,1571,416
00000000000000001000_19948.jpg,959,527,117,27,1076,554
00000000000000001000_19948.jpg,2779,853,135,27,2914,880
00000000000000001000_19948.jpg,866,1665,230,67,1096,1732
00000000000000001000_19948.jpg,2742,1564,179,62,2921,1626
00000000000000001000_23379.jpg,2870,1696,177,63,3047,1759
00000000000000001000_9974.jpg,3843,1464,143,51,3986,1515
00000000000000001000_17536.jpg,3293,1674,195,61,3488,1735
00000000000000001000_19835.jpg,450,292,92,20,542,312
00000000000000001000_19835.jpg,1365,331,84,20,1449,351
00000000000000001000_19835.jpg,313,1342,199,53,512,1395
00000000000000001000_19835.jpg,3577,1171,112,39,3689,1210
00000000000000001000_19835.jpg,2714,1666,186,65,2900,1731
00000000000000001000_4129.jpg,1394,297,89,20,1483,317
00000000000000001000_4129.jpg,3602,1261,115,33,3717,1294
00000000000000001000_5754.jpg,710,1528,225,64,935,1592
00000000000000001000_5754.jpg,3795,1626,170,66,3965,1692
00000000000000001000_5239.jpg,378,1357,208,54,586,1411
00000000000000001000_5239.jpg,3944,1499,132,50,4076,1549
00000000000000001000_14250.jpg,2783,763,110,28,2893,791
00000000000000001000_14250.jpg,1042,1666,240,67,1282,1733
00000000000000001000_14250.jpg,3188,1680,168,62,3356,1742
00000000000000001000_1752.jpg,892,49,70,16,962,65
00000000000000001000_1752.jpg,965,503,113,24,1078,527
00000000000000001000_1752.jpg,3139,1008,128,35,3267,1043
00000000000000001000_1752.jpg,3053,1578,183,62,3236,1640
00000000000000001000_22010.jpg,1128,139,77,18,1205,157
00000000000000001000_12378.jpg,596,37,56,20,652,57
00000000000000001000_12378.jpg,126,124,78,17,204,141
00000000000000001000_12378.jpg,2697,812,136,30,2833,842
00000000000000001000_12378.jpg,2378,1365,173,53,2551,1418
00000000000000001000_24336.jpg,3936,1406,131,47,4067,1453
00000000000000001000_24336.jpg,2897,1838,202,65,3099,1903
00000000000000001000_4429.jpg,549,225,92,18,641,243
00000000000000001000_4429.jpg,3348,1097,123,36,3471,1133
00000000000000001000_22715.jpg,995,114,77,16,1072,130
00000000000000001000_22715.jpg,2066,632,104,24,2170,656
00000000000000001000_22715.jpg,704,1337,207,54,911,1391
00000000000000001000_22715.jpg,2147,1328,172,51,2319,1379
00000000000000001000_630.jpg,3098,907,120,34,3218,941
00000000000000001000_15521.jpg,1303,1546,211,56,1514,1602
00000000000000001000_15521.jpg,3253,1605,173,59,3426,1664
00000000000000001000_4239.jpg,3811,1408,144,49,3955,1457
00000000000000001000_9889.jpg,1488,269,87,18,1575,287
00000000000000001000_9889.jpg,1068,549,118,23,1186,572
00000000000000001000_9889.jpg,2877,1658,195,68,3072,1726
00000000000000001000_12128.jpg,1528,329,88,20,1616,349
00000000000000001000_12128.jpg,1220,590,122,28,1342,618
00000000000000001000_12128.jpg,368,1154,193,51,561,1205
00000000000000001000_12128.jpg,3063,1592,180,63,3243,1655
00000000000000001000_20572.jpg,910,503,113,24,1023,527
00000000000000001000_20572.jpg,1065,1786,244,74,1309,1860
00000000000000001000_20572.jpg,2614,1568,185,57,2799,1625
00000000000000001000_20935.jpg,1375,247,84,19,1459,266
00000000000000001000_22358.jpg,2367,1335,169,48,2536,1383
00000000000000001000_22358.jpg,3045,1019,120,34,3165,1053
00000000000000001000_2444.jpg,1473,321,91,20,1564,341
00000000000000001000_3719.jpg,2364,1512,183,62,2547,1574
00000000000000001000_2899.jpg,747,402,106,24,853,426
00000000000000001000_2899.jpg,2080,1112,154,43,2234,1155
00000000000000001000_6364.jpg,985,570,115,28,1100,598
00000000000000001000_6364.jpg,518,930,173,43,691,973
00000000000000001000_6364.jpg,1932,591,78,23,2010,614
00000000000000001000_6364.jpg,3333,1682,171,67,3504,1749
00000000000000001000_2534.jpg,1232,235,82,19,1314,254
00000000000000001000_2534.jpg,1504,885,144,37,1648,922
00000000000000001000_2534.jpg,3749,1239,133,43,3882,1282
00000000000000001000_3729.jpg,1434,380,96,21,1530,401
00000000000000001000_3729.jpg,3034,1458,175,58,3209,1516
00000000000000001000_24752.jpg,764,121,74,19,838,140
00000000000000001000_24752.jpg,2128,561,116,27,2244,588
00000000000000001000_24752.jpg,2415,1364,172,52,2587,1416
00000000000000001000_7174.jpg,1019,115,74,15,1093,130
00000000000000001000_7174.jpg,1154,566,117,28,1271,594
00000000000000001000_7174.jpg,2997,1704,178,62,3175,1766
00000000000000001000_382.jpg,895,28,70,15,965,43
00000000000000001000_382.jpg,1934,405,95,22,2029,427
00000000000000001000_382.jpg,982,538,122,26,1104,564
00000000000000001000_382.jpg,3082,1632,187,65,3269,1697
00000000000000001000_3759.jpg,985,491,108,27,1093,518
00000000000000001000_3759.jpg,2833,1450,171,55,3004,1505
00000000000000001000_10364.jpg,729,419,102,22,831,441
00000000000000001000_10364.jpg,1916,571,107,24,2023,595
00000000000000001000_10364.jpg,2667,1614,184,64,2851,1678
00000000000000001000_19301.jpg,458,311,93,19,551,330
00000000000000001000_19301.jpg,632,1576,208,58,840,1634
00000000000000001000_19301.jpg,2901,1546,187,60,3088,1606
00000000000000001000_4284.jpg,2002,535,102,22,2104,557
00000000000000001000_4284.jpg,3351,1588,175,62,3526,1650
00000000000000001000_9019.jpg,3574,1215,130,38,3704,1253
00000000000000001000_9019.jpg,1297,1788,244,76,1541,1864
00000000000000001000_4024.jpg,2971,899,120,32,3091,931
00000000000000001000_5544.jpg,1885,606,99,26,1984,632
00000000000000001000_5544.jpg,3923,1311,127,42,4050,1353
00000000000000001000_5544.jpg,2892,1747,182,63,3074,1810
00000000000000001000_23489.jpg,3479,1142,129,40,3608,1182
00000000000000001000_13252.jpg,1298,316,85,17,1383,333
00000000000000001000_13252.jpg,681,372,103,23,784,395
00000000000000001000_13252.jpg,486,1138,188,47,674,1185
00000000000000001000_13252.jpg,3833,1209,129,42,3962,1251
00000000000000001000_9324.jpg,439,1379,226,55,665,1434
00000000000000001000_21446.jpg,286,192,91,18,377,210
00000000000000001000_21446.jpg,2196,545,101,23,2297,568
00000000000000001000_21446.jpg,3925,1218,127,44,4052,1262
00000000000000001000_20142.jpg,1209,253,82,18,1291,271
00000000000000001000_20142.jpg,3982,1123,108,41,4090,1164
00000000000000001000_20142.jpg,1374,1843,218,64,1592,1907
00000000000000001000_3589.jpg,2499,1507,179,58,2678,1565
00000000000000001000_15992.jpg,1490,355,94,22,1584,377
00000000000000001000_15992.jpg,1166,1810,221,68,1387,1878
00000000000000001000_18562.jpg,1052,242,71,18,1123,260
00000000000000001000_18562.jpg,787,470,112,25,899,495
00000000000000001000_18562.jpg,2557,713,82,21,2639,734
00000000000000001000_18562.jpg,2696,1627,193,65,2889,1692
00000000000000001000_13885.jpg,534,347,93,18,627,365
00000000000000001000_13885.jpg,1400,253,83,19,1483,272
00000000000000001000_13885.jpg,1684,1076,144,38,1828,1114
00000000000000001000_13885.jpg,3812,1393,140,43,3952,1436
00000000000000001000_19958.jpg,1573,389,97,19,1670,408
00000000000000001000_19958.jpg,3902,1381,134,50,4036,1431
00000000000000001000_19958.jpg,865,1666,232,66,1097,1732
00000000000000001000_6094.jpg,718,1059,181,48,899,1107
00000000000000001000_6094.jpg,2660,1376,165,51,2825,1427
00000000000000001000_4564.jpg,2499,1095,150,44,2649,1139
00000000000000001000_4564.jpg,1660,1576,211,64,1871,1640
00000000000000001000_24377.jpg,232,108,77,16,309,124
00000000000000001000_24377.jpg,1413,712,132,34,1545,746
00000000000000001000_24377.jpg,2337,740,115,27,2452,767
00000000000000001000_24377.jpg,2816,1821,189,68,3005,1889
00000000000000001000_18156.jpg,415,260,94,20,509,280
00000000000000001000_18156.jpg,1335,320,89,19,1424,339
00000000000000001000_18156.jpg,1037,651,126,30,1163,681
00000000000000001000_18156.jpg,3662,997,63,27,3725,1024
00000000000000001000_18156.jpg,2681,1570,187,62,2868,1632
00000000000000001000_5439.jpg,340,873,166,43,506,916
00000000000000001000_5439.jpg,3470,1847,185,71,3655,1918
00000000000000001000_10269.jpg,3850,1370,137,48,3987,1418
00000000000000001000_10269.jpg,949,1828,251,77,1200,1905
00000000000000001000_23097.jpg,813,1187,185,48,998,1235
00000000000000001000_23097.jpg,3909,1364,130,46,4039,1410
00000000000000001000_23097.jpg,3248,1566,176,64,3424,1630
00000000000000001000_15446.jpg,2436,1230,168,47,2604,1277
00000000000000001000_9554.jpg,1896,492,98,20,1994,512
00000000000000001000_19750.jpg,1843,524,96,22,1939,546
00000000000000001000_19750.jpg,3705,1183,133,41,3838,1224
00000000000000001000_19750.jpg,2800,1825,190,71,2990,1896
00000000000000001000_10489.jpg,1763,417,89,19,1852,436
00000000000000001000_10489.jpg,3144,1627,181,64,3325,1691
00000000000000001000_23672.jpg,1375,222,82,18,1457,240
00000000000000001000_23672.jpg,723,527,107,23,830,550
00000000000000001000_23672.jpg,2401,1258,159,49,2560,1307
00000000000000001000_7844.jpg,847,1512,228,55,1075,1567
00000000000000001000_14944.jpg,951,139,81,16,1032,155
00000000000000001000_14944.jpg,551,313,98,21,649,334
00000000000000001000_14944.jpg,1518,894,134,34,1652,928
00000000000000001000_14944.jpg,3001,916,122,34,3123,950
00000000000000001000_14944.jpg,3102,1659,181,65,3283,1724
00000000000000001000_21336.jpg,2888,1579,181,63,3069,1642
00000000000000001000_22434.jpg,1054,143,75,14,1129,157
00000000000000001000_22434.jpg,1072,676,120,27,1192,703
00000000000000001000_22434.jpg,3795,1214,123,40,3918,1254
00000000000000001000_4759.jpg,1203,238,81,19,1284,257
00000000000000001000_4759.jpg,742,1211,187,49,929,1260
00000000000000001000_4759.jpg,3759,1093,128,40,3887,1133
00000000000000001000_4759.jpg,2888,1589,170,59,3058,1648
00000000000000001000_9519.jpg,3011,1626,180,64,3191,1690
00000000000000001000_16244.jpg,3407,1552,176,60,3583,1612
00000000000000001000_19351.jpg,536,1464,199,54,735,1518
00000000000000001000_19351.jpg,3715,1110,119,37,3834,1147
00000000000000001000_16398.jpg,1413,958,140,31,1553,989
00000000000000001000_16398.jpg,3938,1357,124,43,4062,1400
00000000000000001000_5924.jpg,3422,1153,134,39,3556,1192
00000000000000001000_9459.jpg,843,86,60,14,903,100
00000000000000001000_9459.jpg,633,477,104,24,737,501
00000000000000001000_9459.jpg,1895,543,99,23,1994,566
00000000000000001000_9459.jpg,2883,1620,182,65,3065,1685
00000000000000001000_17165.jpg,31,120,83,17,114,137
00000000000000001000_17165.jpg,1801,538,118,22,1919,560
00000000000000001000_17165.jpg,2677,1623,176,62,2853,1685
00000000000000001000_12040.jpg,3370,950,122,34,3492,984
00000000000000001000_12040.jpg,484,1470,202,59,686,1529
00000000000000001000_12040.jpg,2601,1680,184,63,2785,1743
00000000000000001000_2299.jpg,824,88,75,16,899,104
00000000000000001000_2299.jpg,231,210,83,18,314,228
00000000000000001000_2299.jpg,2943,1502,178,59,3121,1561
00000000000000001000_22244.jpg,0,94,78,15,78,109
00000000000000001000_22244.jpg,453,1282,197,52,650,1334
00000000000000001000_22244.jpg,4003,1364,93,42,4096,1406
00000000000000001000_10174.jpg,2393,1481,195,56,2588,1537
00000000000000001000_3684.jpg,3002,831,109,28,3111,859
00000000000000001000_3684.jpg,3008,1863,177,69,3185,1932
00000000000000001000_4634.jpg,2184,677,105,23,2289,700
00000000000000001000_4634.jpg,474,1048,178,43,652,1091
00000000000000001000_4634.jpg,2878,1740,184,65,3062,1805
00000000000000001000_21016.jpg,972,539,83,23,1055,562
00000000000000001000_21016.jpg,2074,1209,123,27,2197,1236
00000000000000001000_21016.jpg,2053,1298,168,48,2221,1346
00000000000000001000_5424.jpg,422,1112,182,46,604,1158
00000000000000001000_17421.jpg,885,83,74,15,959,98
00000000000000001000_17421.jpg,1280,771,123,31,1403,802
00000000000000001000_21664.jpg,999,144,79,18,1078,162
00000000000000001000_21664.jpg,3994,1608,100,47,4094,1655
00000000000000001000_19476.jpg,3830,1263,142,42,3972,1305
00000000000000001000_3604.jpg,2530,1429,177,56,2707,1485
00000000000000001000_5254.jpg,1663,463,92,20,1755,483
00000000000000001000_5254.jpg,3739,1283,144,48,3883,1331
00000000000000001000_5254.jpg,1236,1818,248,72,1484,1890
00000000000000001000_21061.jpg,2483,1348,165,49,2648,1397
00000000000000001000_17734.jpg,966,106,71,16,1037,122
00000000000000001000_17734.jpg,314,157,82,18,396,175
00000000000000001000_17734.jpg,3701,1192,143,41,3844,1233
00000000000000001000_19569.jpg,3152,1459,167,57,3319,1516
00000000000000001000_3519.jpg,1481,247,61,19,1542,266
00000000000000001000_3519.jpg,2372,1299,166,51,2538,1350
00000000000000001000_21127.jpg,917,412,109,24,1026,436
00000000000000001000_21127.jpg,2013,391,100,71,2113,462
00000000000000001000_21127.jpg,2160,658,119,25,2279,683
00000000000000001000_21127.jpg,775,1415,211,53,986,1468
00000000000000001000_21127.jpg,2754,1746,176,63,2930,1809
00000000000000001000_1389.jpg,421,140,81,17,502,157
00000000000000001000_1389.jpg,1396,724,126,30,1522,754
00000000000000001000_1389.jpg,2988,1591,180,61,3168,1652
00000000000000001000_21386.jpg,2559,1506,179,58,2738,1564
00000000000000001000_21190.jpg,2389,1423,183,57,2572,1480
00000000000000001000_21190.jpg,3473,1288,129,42,3602,1330
00000000000000001000_13845.jpg,457,1420,215,58,672,1478
00000000000000001000_13845.jpg,3848,1086,131,38,3979,1124
00000000000000001000_5484.jpg,275,825,162,42,437,867
00000000000000001000_5484.jpg,2860,1449,172,58,3032,1507
00000000000000001000_23399.jpg,1454,285,56,18,1510,303
00000000000000001000_23399.jpg,991,577,113,26,1104,603
00000000000000001000_23399.jpg,2920,846,116,29,3036,875
00000000000000001000_23399.jpg,3230,1596,175,64,3405,1660
00000000000000001000_16632.jpg,1175,230,90,19,1265,249
00000000000000001000_16632.jpg,3881,1394,132,46,4013,1440
00000000000000001000_8674.jpg,1608,408,70,21,1678,429
00000000000000001000_8674.jpg,3422,1919,156,55,3578,1974
00000000000000001000_11513.jpg,1820,462,97,23,1917,485
00000000000000001000_11513.jpg,3824,1359,128,46,3952,1405
00000000000000001000_12183.jpg,106,106,75,15,181,121
00000000000000001000_12183.jpg,1351,975,147,38,1498,1013
00000000000000001000_12183.jpg,3722,1296,122,46,3844,1342
00000000000000001000_17799.jpg,1276,240,85,17,1361,257
00000000000000001000_17799.jpg,3859,1221,125,42,3984,1263
00000000000000001000_5984.jpg,348,188,59,18,407,206
00000000000000001000_5984.jpg,1729,450,98,22,1827,472
00000000000000001000_12479.jpg,767,397,102,22,869,419
00000000000000001000_12479.jpg,1925,462,104,22,2029,484
00000000000000001000_12479.jpg,2928,1594,176,62,3104,1656
00000000000000001000_23522.jpg,3315,1003,127,35,3442,1038
00000000000000001000_21152.jpg,585,1195,189,47,774,1242
00000000000000001000_21152.jpg,3520,1028,205,45,3725,1073
00000000000000001000_21152.jpg,3596,1231,129,40,3725,1271
00000000000000001000_19895.jpg,3787,1257,103,36,3890,1293
00000000000000001000_19895.jpg,921,1590,225,67,1146,1657
00000000000000001000_211.jpg,358,150,85,18,443,168
00000000000000001000_211.jpg,1323,348,92,21,1415,369
00000000000000001000_211.jpg,2775,1443,175,60,2950,1503
00000000000000001000_11982.jpg,3581,1127,127,40,3708,1167
00000000000000001000_13775.jpg,807,504,105,23,912,527
00000000000000001000_13775.jpg,2029,536,105,24,2134,560
00000000000000001000_13775.jpg,2906,1578,186,66,3092,1644
00000000000000001000_2509.jpg,299,1097,184,46,483,1143
00000000000000001000_2509.jpg,2496,1508,174,56,2670,1564
00000000000000001000_13352.jpg,2135,633,108,25,2243,658
00000000000000001000_13352.jpg,668,1359,207,54,875,1413
00000000000000001000_13352.jpg,2528,1394,165,53,2693,1447
00000000000000001000_8879.jpg,751,1565,224,64,975,1629
00000000000000001000_8879.jpg,3021,1579,181,63,3202,1642
00000000000000001000_18181.jpg,584,319,103,20,687,339
00000000000000001000_18181.jpg,1432,281,91,17,1523,298
00000000000000001000_18181.jpg,2693,1598,191,64,2884,1662
00000000000000001000_18497.jpg,1049,497,119,25,1168,522
00000000000000001000_18497.jpg,2704,1602,192,62,2896,1664
00000000000000001000_11383.jpg,3519,1157,129,41,3648,1198
00000000000000001000_11383.jpg,3379,1852,185,73,3564,1925
00000000000000001000_8884.jpg,663,278,95,19,758,297
00000000000000001000_8884.jpg,1930,525,102,24,2032,549
00000000000000001000_8884.jpg,3055,1459,177,62,3232,1521
00000000000000001000_17195.jpg,2251,644,107,26,2358,670
00000000000000001000_17195.jpg,2840,1564,188,63,3028,1627
00000000000000001000_21.jpg,3621,1320,130,42,3751,1362
00000000000000001000_21.jpg,1414,1491,204,58,1618,1549
00000000000000001000_2944.jpg,609,291,103,20,712,311
00000000000000001000_2944.jpg,601,1241,137,47,738,1288
00000000000000001000_2944.jpg,2971,1602,182,64,3153,1666
00000000000000001000_201.jpg,1135,586,126,29,1261,615
00000000000000001000_201.jpg,2915,1656,186,66,3101,1722
00000000000000001000_16294.jpg,406,1107,187,46,593,1153
00000000000000001000_14654.jpg,545,385,101,22,646,407
00000000000000001000_14654.jpg,2097,482,99,22,2196,504
00000000000000001000_20832.jpg,3250,1037,119,35,3369,1072
00000000000000001000_20832.jpg,3148,1601,187,65,3335,1666
00000000000000001000_1324.jpg,2844,770,80,27,2924,797
00000000000000001000_13322.jpg,786,438,107,25,893,463
00000000000000001000_16692.jpg,3503,1289,134,42,3637,1331
00000000000000001000_18309.jpg,2314,1519,177,56,2491,1575
00000000000000001000_3314.jpg,395,185,88,18,483,203
00000000000000001000_3314.jpg,428,1297,208,54,636,1351
00000000000000001000_3314.jpg,3616,1281,137,39,3753,1320
00000000000000001000_6329.jpg,1204,230,82,17,1286,247
00000000000000001000_6329.jpg,961,538,121,27,1082,565
00000000000000001000_6329.jpg,2842,1753,178,64,3020,1817
00000000000000001000_21556.jpg,882,1594,218,62,1100,1656
00000000000000001000_7744.jpg,2832,1077,130,32,2962,1109
00000000000000001000_4859.jpg,1495,307,92,19,1587,326
00000000000000001000_4859.jpg,1699,852,141,36,1840,888
00000000000000001000_4859.jpg,3951,1400,128,46,4079,1446
00000000000000001000_4859.jpg,2147,1872,94,28,2241,1900
00000000000000001000_2007.jpg,309,139,87,17,396,156
00000000000000001000_2007.jpg,1587,345,92,20,1679,365
00000000000000001000_2007.jpg,2878,1594,184,64,3062,1658
00000000000000001000_24707.jpg,3763,1408,159,42,3922,1450
00000000000000001000_21985.jpg,637,312,102,22,739,334
00000000000000001000_21985.jpg,3171,1733,180,68,3351,1801
00000000000000001000_17804.jpg,3203,1509,162,60,3365,1569
00000000000000001000_5694.jpg,1089,1970,247,71,1336,2041
00000000000000001000_5694.jpg,3379,1634,175,64,3554,1698
00000000000000001000_3169.jpg,3821,1179,137,39,3958,1218
00000000000000001000_8799.jpg,727,1837,259,74,986,1911
00000000000000001000_15925.jpg,3374,1114,137,37,3511,1151
00000000000000001000_23049.jpg,3891,1382,129,48,4020,1430
00000000000000001000_23049.jpg,2980,1619,170,60,3150,1679
00000000000000001000_4404.jpg,1295,183,81,18,1376,201
00000000000000001000_7094.jpg,575,333,101,21,676,354
00000000000000001000_7094.jpg,1735,367,92,21,1827,388
00000000000000001000_7094.jpg,1133,659,128,32,1261,691
00000000000000001000_7094.jpg,2636,1660,186,64,2822,1724
00000000000000001000_17696.jpg,3468,1087,127,39,3595,1126
00000000000000001000_15928.jpg,3375,1114,135,39,3510,1153
00000000000000001000_15928.jpg,2846,1618,175,61,3021,1679
00000000000000001000_13755.jpg,3584,1279,132,32,3716,1311
00000000000000001000_5684.jpg,414,258,88,19,502,277
00000000000000001000_5684.jpg,1090,1968,247,74,1337,2042
00000000000000001000_23667.jpg,17,710,85,30,102,740
00000000000000001000_23667.jpg,3233,1051,133,35,3366,1086
00000000000000001000_15969.jpg,1415,642,122,28,1537,670
00000000000000001000_15969.jpg,314,1173,199,51,513,1224
00000000000000001000_15969.jpg,3908,1205,132,41,4040,1246
00000000000000001000_15941.jpg,868,78,76,16,944,94
00000000000000001000_15941.jpg,3331,1138,122,36,3453,1174
00000000000000001000_15941.jpg,2883,1635,199,62,3082,1697
00000000000000001000_15710.jpg,932,121,79,18,1011,139
00000000000000001000_15710.jpg,2483,705,103,25,2586,730
00000000000000001000_15710.jpg,2763,1452,174,58,2937,1510
00000000000000001000_18264.jpg,1079,664,121,29,1200,693
00000000000000001000_18264.jpg,2737,1776,183,65,2920,1841
00000000000000001000_5989.jpg,1366,308,88,20,1454,328
00000000000000001000_5989.jpg,3123,922,127,35,3250,957
00000000000000001000_5989.jpg,2762,1463,180,61,2942,1524
00000000000000001000_13077.jpg,3995,1303,103,41,4098,1344
00000000000000001000_13077.jpg,3362,1721,178,68,3540,1789
00000000000000001000_9004.jpg,1895,485,98,23,1993,508
00000000000000001000_9004.jpg,1296,1788,244,76,1540,1864
00000000000000001000_9004.jpg,3059,1858,185,70,3244,1928
00000000000000001000_17160.jpg,1123,357,66,20,1189,377
00000000000000001000_17160.jpg,2663,895,140,28,2803,923
00000000000000001000_17160.jpg,2887,899,55,22,2942,921
00000000000000001000_17160.jpg,2167,1481,191,58,2358,1539
00000000000000001000_20777.jpg,768,61,74,14,842,75
00000000000000001000_20777.jpg,882,534,113,26,995,560
00000000000000001000_20777.jpg,2166,610,112,26,2278,636
00000000000000001000_22194.jpg,3619,1391,132,46,3751,1437
00000000000000001000_725.jpg,553,385,97,20,650,405
00000000000000001000_725.jpg,2079,577,98,24,2177,601
00000000000000001000_725.jpg,1445,855,143,35,1588,890
00000000000000001000_19702.jpg,1713,424,95,19,1808,443
00000000000000001000_19702.jpg,3207,1742,176,61,3383,1803
00000000000000001000_4309.jpg,3569,1013,119,34,3688,1047
00000000000000001000_2419.jpg,1093,119,77,16,1170,135
00000000000000001000_2419.jpg,600,259,97,18,697,277
00000000000000001000_2419.jpg,2953,1610,179,58,3132,1668
00000000000000001000_4359.jpg,1660,420,94,20,1754,440
00000000000000001000_4359.jpg,601,1348,204,55,805,1403
00000000000000001000_21541.jpg,843,119,71,15,914,134
00000000000000001000_21541.jpg,882,1594,218,62,1100,1656
00000000000000001000_5009.jpg,254,161,86,17,340,178
00000000000000001000_5009.jpg,2496,676,110,27,2606,703
00000000000000001000_5009.jpg,3172,1876,187,72,3359,1948
00000000000000001000_13795.jpg,2533,1451,179,57,2712,1508
00000000000000001000_11591.jpg,3725,1162,132,42,3857,1204
00000000000000001000_5844.jpg,1188,133,78,18,1266,151
00000000000000001000_5844.jpg,3089,1748,117,56,3206,1804
00000000000000001000_15855.jpg,3021,1071,131,37,3152,1108
00000000000000001000_6334.jpg,840,586,112,26,952,612
00000000000000001000_6334.jpg,2878,1084,195,46,3073,1130
00000000000000001000_6334.jpg,1279,1963,259,79,1538,2042
00000000000000001000_6334.jpg,2880,1584,189,64,3069,1648
00000000000000001000_24672.jpg,3498,1110,124,36,3622,1146
00000000000000001000_24672.jpg,1136,1582,238,63,1374,1645
00000000000000001000_12982.jpg,187,108,79,16,266,124
00000000000000001000_12982.jpg,2744,1662,187,63,2931,1725
00000000000000001000_21925.jpg,1703,435,96,22,1799,457
00000000000000001000_11862.jpg,259,300,93,18,352,318
00000000000000001000_11862.jpg,3607,1064,116,37,3723,1101
00000000000000001000_24847.jpg,1516,273,92,18,1608,291
00000000000000001000_24847.jpg,3093,974,116,31,3209,1005
00000000000000001000_24847.jpg,2559,1429,177,54,2736,1483
00000000000000001000_15589.jpg,3648,1220,131,41,3779,1261
00000000000000001000_11777.jpg,1206,289,87,19,1293,308
00000000000000001000_11777.jpg,3962,1233,127,41,4089,1274
00000000000000001000_20147.jpg,1422,190,82,18,1504,208
00000000000000001000_20147.jpg,3917,1181,131,42,4048,1223
00000000000000001000_20147.jpg,1374,1843,218,64,1592,1907
00000000000000001000_6544.jpg,2195,680,88,68,2283,748
00000000000000001000_8454.jpg,709,515,110,22,819,537
00000000000000001000_8454.jpg,2361,686,118,29,2479,715
00000000000000001000_8454.jpg,3274,1778,183,66,3457,1844
00000000000000001000_21180.jpg,1047,160,82,18,1129,178
00000000000000001000_21180.jpg,1762,273,185,86,1947,359
00000000000000001000_21180.jpg,2158,606,114,27,2272,633
00000000000000001000_21180.jpg,3161,1470,147,62,3308,1532
00000000000000001000_14373.jpg,508,238,94,20,602,258
00000000000000001000_14373.jpg,2983,844,118,30,3101,874
00000000000000001000_14373.jpg,3162,1620,179,64,3341,1684
00000000000000001000_3069.jpg,2364,716,106,25,2470,741
00000000000000001000_3069.jpg,2973,1518,190,61,3163,1579
00000000000000001000_11689.jpg,3078,1705,182,66,3260,1771
00000000000000001000_18409.jpg,2447,1342,181,53,2628,1395
00000000000000001000_11069.jpg,328,119,80,17,408,136
00000000000000001000_11069.jpg,3946,1272,124,41,4070,1313
00000000000000001000_2614.jpg,3678,1250,135,43,3813,1293
00000000000000001000_15954.jpg,315,1173,198,49,513,1222
00000000000000001000_9824.jpg,1396,205,84,18,1480,223
00000000000000001000_15684.jpg,3851,1353,140,47,3991,1400
00000000000000001000_23145.jpg,3513,1310,136,38,3649,1348
00000000000000001000_3099.jpg,523,359,95,20,618,379
00000000000000001000_3099.jpg,2433,663,107,25,2540,688
00000000000000001000_22282.jpg,2647,1626,174,60,2821,1686
00000000000000001000_10709.jpg,2397,749,115,26,2512,775
00000000000000001000_10709.jpg,2971,1604,178,62,3149,1666
00000000000000001000_12667.jpg,410,198,91,19,501,217
00000000000000001000_12667.jpg,1627,211,79,58,1706,269
00000000000000001000_12667.jpg,1753,436,104,21,1857,457
00000000000000001000_12667.jpg,2842,1475,181,59,3023,1534
00000000000000001000_10664.jpg,1144,260,80,18,1224,278
00000000000000001000_10664.jpg,2925,1710,198,64,3123,1774
00000000000000001000_13257.jpg,390,215,89,18,479,233
00000000000000001000_13257.jpg,1052,210,78,16,1130,226
00000000000000001000_13257.jpg,3126,926,121,33,3247,959
00000000000000001000_13257.jpg,485,1138,191,48,676,1186
00000000000000001000_13257.jpg,2968,1596,189,64,3157,1660
00000000000000001000_16032.jpg,818,89,77,15,895,104
00000000000000001000_16032.jpg,813,1716,228,61,1041,1777
00000000000000001000_16032.jpg,2700,1523,180,54,2880,1577
00000000000000001000_20702.jpg,1653,310,89,18,1742,328
00000000000000001000_20702.jpg,1666,1426,179,52,1845,1478
00000000000000001000_3934.jpg,1451,345,87,18,1538,363
00000000000000001000_3934.jpg,2735,1349,169,53,2904,1402
00000000000000001000_3934.jpg,927,1578,233,66,1160,1644
00000000000000001000_20722.jpg,1633,353,90,20,1723,373
00000000000000001000_20722.jpg,2123,1277,172,49,2295,1326
00000000000000001000_20722.jpg,3845,1186,128,38,3973,1224
00000000000000001000_6274.jpg,1610,428,96,23,1706,451
00000000000000001000_6274.jpg,3914,1310,130,44,4044,1354
00000000000000001000_16944.jpg,881,1487,194,54,1075,1541
00000000000000001000_16944.jpg,2858,1486,164,54,3022,1540
00000000000000001000_2839.jpg,703,439,106,23,809,462
00000000000000001000_2839.jpg,3090,1691,189,65,3279,1756
00000000000000001000_11571.jpg,840,52,72,14,912,66
00000000000000001000_11571.jpg,1875,489,95,22,1970,511
00000000000000001000_11571.jpg,3594,1119,128,39,3722,1158
00000000000000001000_14055.jpg,732,486,103,22,835,508
00000000000000001000_14055.jpg,2399,766,109,27,2508,793
00000000000000001000_14055.jpg,2975,1837,181,65,3156,1902
00000000000000001000_18206.jpg,3526,1159,130,40,3656,1199
00000000000000001000_11145.jpg,243,136,88,18,331,154
00000000000000001000_11145.jpg,1302,349,88,19,1390,368
00000000000000001000_21634.jpg,2794,1585,180,60,2974,1645
00000000000000001000_18507.jpg,863,425,111,22,974,447
00000000000000001000_18507.jpg,3280,1054,118,34,3398,1088
00000000000000001000_18507.jpg,2831,1591,188,62,3019,1653
00000000000000001000_16352.jpg,2471,1382,176,54,2647,1436
00000000000000001000_16352.jpg,999,1616,214,61,1213,1677
00000000000000001000_2779.jpg,222,153,63,17,285,170
00000000000000001000_2779.jpg,1376,312,85,18,1461,330
00000000000000001000_2779.jpg,2499,844,125,31,2624,875
00000000000000001000_22459.jpg,388,159,88,18,476,177
00000000000000001000_22459.jpg,2698,1693,179,62,2877,1755
00000000000000001000_13530.jpg,2832,1595,187,63,3019,1658
00000000000000001000_402.jpg,3128,1215,134,35,3262,1250
00000000000000001000_11892.jpg,2307,1238,159,47,2466,1285
00000000000000001000_10519.jpg,734,348,104,23,838,371
00000000000000001000_10519.jpg,1377,251,82,18,1459,269
00000000000000001000_9154.jpg,393,1411,204,51,597,1462
00000000000000001000_9154.jpg,2802,1660,167,61,2969,1721
00000000000000001000_21303.jpg,1653,362,92,21,1745,383
00000000000000001000_21303.jpg,1082,1939,213,73,1295,2012
00000000000000001000_21303.jpg,3001,1857,182,68,3183,1925
00000000000000001000_23968.jpg,3393,1029,122,37,3515,1066
00000000000000001000_137.jpg,4000,1244,96,41,4096,1285
00000000000000001000_137.jpg,538,1499,208,57,746,1556
00000000000000001000_8849.jpg,2836,1741,186,64,3022,1805
00000000000000001000_11947.jpg,368,213,89,18,457,231
00000000000000001000_11947.jpg,3759,1318,124,43,3883,1361
00000000000000001000_8839.jpg,1214,266,86,18,1300,284
00000000000000001000_8839.jpg,3795,1112,134,41,3929,1153
00000000000000001000_11847.jpg,1045,163,77,15,1122,178
00000000000000001000_11847.jpg,857,437,112,25,969,462
00000000000000001000_11847.jpg,2964,1661,181,66,3145,1727
00000000000000001000_4459.jpg,633,1215,203,54,836,1269
00000000000000001000_4459.jpg,3491,1296,137,38,3628,1334
00000000000000001000_9629.jpg,296,812,163,38,459,850
00000000000000001000_9629.jpg,3369,1724,175,69,3544,1793
00000000000000001000_23331.jpg,1862,933,147,39,2009,972
00000000000000001000_23331.jpg,3847,1310,137,46,3984,1356
00000000000000001000_6759.jpg,1473,290,90,22,1563,312
00000000000000001000_6759.jpg,3907,1341,138,42,4045,1383
00000000000000001000_23770.jpg,3382,1280,116,40,3498,1320
00000000000000001000_14934.jpg,3604,1865,181,75,3785,1940
00000000000000001000_13062.jpg,2675,1423,175,54,2850,1477
00000000000000001000_15333.jpg,2899,980,128,36,3027,1016
00000000000000001000_15333.jpg,2289,1405,173,54,2462,1459
00000000000000001000_19770.jpg,2612,1432,162,49,2774,1481
00000000000000001000_2106.jpg,273,216,86,19,359,235
00000000000000001000_2106.jpg,1783,477,100,22,1883,499
00000000000000001000_2106.jpg,2493,1508,177,57,2670,1565
00000000000000001000_474.jpg,2160,644,73,25,2233,669
00000000000000001000_21036.jpg,1202,312,84,18,1286,330
00000000000000001000_21036.jpg,3981,1218,114,40,4095,1258
00000000000000001000_6184.jpg,855,576,122,28,977,604
00000000000000001000_6184.jpg,2324,706,108,26,2432,732
00000000000000001000_6184.jpg,2961,1779,197,57,3158,1836
00000000000000001000_8699.jpg,857,421,108,23,965,444
00000000000000001000_8699.jpg,2910,963,128,35,3038,998
00000000000000001000_22269.jpg,1609,899,146,38,1755,937
00000000000000001000_22269.jpg,2822,948,117,31,2939,979
00000000000000001000_24452.jpg,2497,1471,172,54,2669,1525
00000000000000001000_6134.jpg,1181,196,82,18,1263,214
00000000000000001000_6134.jpg,582,418,105,23,687,441
00000000000000001000_6134.jpg,2891,1624,179,65,3070,1689
00000000000000001000_2279.jpg,907,461,115,25,1022,486
00000000000000001000_2279.jpg,1612,383,87,19,1699,402
00000000000000001000_2279.jpg,3534,1067,127,37,3661,1104
00000000000000001000_2279.jpg,2835,1506,177,62,3012,1568
00000000000000001000_21669.jpg,1532,494,97,22,1629,516
00000000000000001000_21669.jpg,3978,1419,116,46,4094,1465
00000000000000001000_10274.jpg,3302,969,125,36,3427,1005
00000000000000001000_10274.jpg,947,1833,251,77,1198,1910
00000000000000001000_20577.jpg,609,389,103,22,712,411
00000000000000001000_20577.jpg,1064,1787,244,73,1308,1860
00000000000000001000_20577.jpg,3150,1551,175,61,3325,1612
00000000000000001000_535.jpg,673,488,108,24,781,512
00000000000000001000_535.jpg,2538,702,109,27,2647,729
00000000000000001000_535.jpg,2877,1525,172,58,3049,1583
00000000000000001000_20071.jpg,342,260,92,18,434,278
00000000000000001000_20071.jpg,1127,275,91,18,1218,293
00000000000000001000_20071.jpg,3927,1417,135,45,4062,1462
00000000000000001000_968.jpg,2825,1343,168,52,2993,1395
00000000000000001000_4289.jpg,2512,1410,178,54,2690,1464
00000000000000001000_16569.jpg,2207,1251,173,50,2380,1301
00000000000000001000_11782.jpg,381,194,64,17,445,211
00000000000000001000_11782.jpg,2166,535,102,22,2268,557
00000000000000001000_11782.jpg,3867,1288,132,45,3999,1333
00000000000000001000_18702.jpg,651,449,108,23,759,472
00000000000000001000_18702.jpg,604,1391,199,50,803,1441
00000000000000001000_23895.jpg,2851,919,123,32,2974,951
00000000000000001000_21649.jpg,3779,1346,112,44,3891,1390
00000000000000001000_22169.jpg,1321,307,87,19,1408,326
00000000000000001000_22169.jpg,2743,1632,183,62,2926,1694
00000000000000001000_7739.jpg,860,406,113,24,973,430
00000000000000001000_7739.jpg,2871,1645,119,55,2990,1700
00000000000000001000_6594.jpg,3775,1226,129,42,3904,1268
00000000000000001000_6594.jpg,2804,1631,164,57,2968,1688
00000000000000001000_5914.jpg,2139,1062,154,42,2293,1104
00000000000000001000_292.jpg,1212,136,88,20,1300,156
00000000000000001000_292.jpg,1581,857,135,33,1716,890
00000000000000001000_4559.jpg,3281,1110,128,37,3409,1147
00000000000000001000_11488.jpg,1134,576,117,28,1251,604
00000000000000001000_17386.jpg,3594,1292,134,43,3728,1335
00000000000000001000_23008.jpg,3252,1104,133,38,3385,1142
00000000000000001000_24597.jpg,1358,300,86,19,1444,319
00000000000000001000_24597.jpg,2793,1613,184,61,2977,1674
00000000000000001000_11100.jpg,864,83,74,16,938,99
00000000000000001000_11100.jpg,888,487,115,25,1003,512
00000000000000001000_11100.jpg,3410,924,117,35,3527,959
00000000000000001000_11100.jpg,2808,1663,195,64,3003,1727
00000000000000001000_815.jpg,2863,1789,188,67,3051,1856
00000000000000001000_21076.jpg,738,410,104,22,842,432
00000000000000001000_21076.jpg,2482,866,101,26,2583,892
00000000000000001000_19800.jpg,1267,236,83,18,1350,254
00000000000000001000_19800.jpg,290,1364,153,30,443,1394
00000000000000001000_19800.jpg,2779,1617,186,67,2965,1684
00000000000000001000_13007.jpg,2669,1424,173,57,2842,1481
00000000000000001000_11402.jpg,3820,1039,119,39,3939,1078
00000000000000001000_17228.jpg,1170,626,121,27,1291,653
00000000000000001000_17228.jpg,2835,1626,182,65,3017,1691
00000000000000001000_12742.jpg,1361,628,129,29,1490,657
00000000000000001000_12742.jpg,3595,1176,126,41,3721,1217
00000000000000001000_17200.jpg,2061,741,112,29,2173,770
00000000000000001000_17200.jpg,2256,1333,165,49,2421,1382
00000000000000001000_12807.jpg,893,566,115,26,1008,592
00000000000000001000_21205.jpg,1766,438,96,22,1862,460
00000000000000001000_21205.jpg,2340,1600,115,50,2455,1650
00000000000000001000_18797.jpg,974,576,117,28,1091,604
00000000000000001000_18797.jpg,2244,592,121,27,2365,619
00000000000000001000_18797.jpg,2962,1751,181,62,3143,1813
00000000000000001000_15536.jpg,479,413,102,22,581,435
00000000000000001000_15536.jpg,2921,1626,164,69,3085,1695
00000000000000001000_5019.jpg,1096,141,80,16,1176,157
00000000000000001000_5019.jpg,2635,782,117,29,2752,811
00000000000000001000_5019.jpg,2478,1630,192,61,2670,1691
00000000000000001000_22264.jpg,2157,1208,167,49,2324,1257
00000000000000001000_22264.jpg,1403,1853,219,63,1622,1916
00000000000000001000_21051.jpg,2159,1187,169,49,2328,1236
00000000000000001000_21051.jpg,2762,1006,127,31,2889,1037
00000000000000001000_23449.jpg,1930,937,134,36,2064,973
00000000000000001000_1384.jpg,1329,588,117,26,1446,614
00000000000000001000_1384.jpg,3178,1663,177,62,3355,1725
00000000000000001000_6.jpg,1765,420,95,21,1860,441
00000000000000001000_6.jpg,1413,1492,205,58,1618,1550
00000000000000001000_6.jpg,3841,1209,133,43,3974,1252
00000000000000001000_9639.jpg,295,812,164,38,459,850
00000000000000001000_9639.jpg,3600,1241,134,37,3734,1278
00000000000000001000_17706.jpg,2420,1299,166,50,2586,1349
00000000000000001000_9224.jpg,1640,439,100,22,1740,461
00000000000000001000_6729.jpg,3122,1448,167,58,3289,1506
00000000000000001000_22848.jpg,3387,1164,129,36,3516,1200
00000000000000001000_22848.jpg,1029,1854,240,71,1269,1925
00000000000000001000_9279.jpg,2623,700,107,27,2730,727
00000000000000001000_9279.jpg,2136,809,122,35,2258,844
00000000000000001000_24181.jpg,3206,917,117,33,3323,950
00000000000000001000_8614.jpg,521,363,97,20,618,383
00000000000000001000_8614.jpg,3935,1233,99,40,4034,1273
00000000000000001000_3764.jpg,3317,1012,116,34,3433,1046
00000000000000001000_11482.jpg,1860,975,148,38,2008,1013
00000000000000001000_11482.jpg,3662,1001,114,36,3776,1037
00000000000000001000_1807.jpg,1238,580,117,27,1355,607
00000000000000001000_1807.jpg,2452,1516,183,59,2635,1575
00000000000000001000_18978.jpg,982,117,73,16,1055,133
00000000000000001000_18978.jpg,1789,412,95,22,1884,434
00000000000000001000_18978.jpg,3444,1563,139,60,3583,1623
00000000000000001000_24682.jpg,633,1100,185,46,818,1146
00000000000000001000_24682.jpg,3043,1362,156,44,3199,1406
00000000000000001000_14005.jpg,884,523,105,23,989,546
00000000000000001000_14005.jpg,2892,673,106,30,2998,703
00000000000000001000_14005.jpg,872,1699,238,66,1110,1765
00000000000000001000_14005.jpg,2925,1633,177,65,3102,1698
00000000000000001000_13382.jpg,859,454,110,23,969,477
00000000000000001000_13382.jpg,1720,263,99,66,1819,329
00000000000000001000_13382.jpg,1852,527,97,23,1949,550
00000000000000001000_13382.jpg,667,1358,209,57,876,1415
00000000000000001000_13382.jpg,2740,1631,172,64,2912,1695
00000000000000001000_15338.jpg,3815,1288,136,45,3951,1333
00000000000000001000_3414.jpg,2809,1478,192,56,3001,1534
00000000000000001000_14664.jpg,1568,388,88,20,1656,408
00000000000000001000_24702.jpg,1147,221,86,18,1233,239
00000000000000001000_24702.jpg,3572,1588,159,63,3731,1651
00000000000000001000_4524.jpg,54,52,61,13,115,65
00000000000000001000_4524.jpg,3118,1560,180,67,3298,1627
00000000000000001000_23702.jpg,1495,219,83,20,1578,239
00000000000000001000_23702.jpg,3856,1311,142,44,3998,1355
00000000000000001000_19524.jpg,686,341,102,23,788,364
00000000000000001000_19524.jpg,2095,535,106,25,2201,560
00000000000000001000_19524.jpg,433,1495,207,59,640,1554
00000000000000001000_19524.jpg,2550,1630,215,68,2765,1698
00000000000000001000_10939.jpg,3084,1430,170,59,3254,1489
00000000000000001000_10939.jpg,981,1664,230,63,1211,1727
00000000000000001000_111.jpg,3704,1190,126,42,3830,1232
00000000000000001000_24402.jpg,2385,92,56,15,2441,107
00000000000000001000_24402.jpg,2151,579,109,24,2260,603
00000000000000001000_24402.jpg,2876,1884,191,68,3067,1952
00000000000000001000_23707.jpg,1406,188,81,19,1487,207
00000000000000001000_23707.jpg,3635,1219,140,42,3775,1261
00000000000000001000_22209.jpg,1885,500,101,23,1986,523
00000000000000001000_22209.jpg,3992,1195,105,41,4097,1236
00000000000000001000_10989.jpg,1659,1147,163,40,1822,1187
00000000000000001000_13102.jpg,1971,1238,160,46,2131,1284
00000000000000001000_7589.jpg,3035,824,112,30,3147,854
00000000000000001000_23389.jpg,1784,970,148,38,1932,1008
00000000000000001000_21835.jpg,1402,290,85,19,1487,309
00000000000000001000_21185.jpg,753,48,73,19,826,67
00000000000000001000_21185.jpg,2700,1828,195,67,2895,1895
00000000000000001000_11476.jpg,1644,605,110,24,1754,629
00000000000000001000_10309.jpg,2656,113,62,32,2718,145
00000000000000001000_22429.jpg,630,34,46,13,676,47
00000000000000001000_22429.jpg,1741,417,93,20,1834,437
00000000000000001000_22429.jpg,2605,1597,174,57,2779,1654
00000000000000001000_15243.jpg,341,1302,202,54,543,1356
00000000000000001000_15243.jpg,2343,1545,179,55,2522,1600
00000000000000001000_20106.jpg,359,208,88,18,447,226
00000000000000001000_20106.jpg,1177,686,118,28,1295,714
00000000000000001000_20106.jpg,2092,553,106,25,2198,578
00000000000000001000_9059.jpg,567,362,87,21,654,383
00000000000000001000_9059.jpg,2113,612,92,24,2205,636
00000000000000001000_9059.jpg,3020,1738,177,62,3197,1800
00000000000000001000_5069.jpg,457,291,102,21,559,312
00000000000000001000_5069.jpg,1959,585,103,22,2062,607
00000000000000001000_5069.jpg,2583,1679,181,61,2764,1740
00000000000000001000_2439.jpg,2182,1272,142,56,2324,1328
00000000000000001000_2439.jpg,3907,1268,131,44,4038,1312
00000000000000001000_24642.jpg,226,210,110,17,336,227
00000000000000001000_24642.jpg,2135,394,99,23,2234,417
00000000000000001000_24642.jpg,2130,440,75,16,2205,456
00000000000000001000_24642.jpg,746,519,112,22,858,541
00000000000000001000_24642.jpg,2856,1505,181,65,3037,1570
00000000000000001000_5059.jpg,1260,240,85,19,1345,259
00000000000000001000_5059.jpg,2611,1543,175,57,2786,1600
00000000000000001000_1314.jpg,978,616,122,27,1100,643
00000000000000001000_1314.jpg,3539,1191,134,46,3673,1237
00000000000000001000_17281.jpg,1661,430,97,20,1758,450
00000000000000001000_17281.jpg,3216,1617,176,65,3392,1682
00000000000000001000_16466.jpg,3579,1726,175,69,3754,1795
00000000000000001000_3134.jpg,831,1390,219,58,1050,1448
00000000000000001000_3134.jpg,3027,1683,180,62,3207,1745
00000000000000001000_14473.jpg,691,316,99,20,790,336
00000000000000001000_14473.jpg,3817,1281,136,45,3953,1326
00000000000000001000_7209.jpg,2957,1430,167,56,3124,1486
00000000000000001000_12552.jpg,1603,438,100,22,1703,460
00000000000000001000_12552.jpg,2684,1491,176,56,2860,1547
00000000000000001000_22902.jpg,1262,203,78,16,1340,219
00000000000000001000_22902.jpg,3590,1495,150,51,3740,1546
00000000000000001000_16173.jpg,1271,1564,206,56,1477,1620
00000000000000001000_16234.jpg,2626,1314,160,49,2786,1363
00000000000000001000_22060.jpg,1040,706,125,29,1165,735
00000000000000001000_22060.jpg,3989,1230,106,42,4095,1272
00000000000000001000_785.jpg,2563,1717,182,68,2745,1785
00000000000000001000_13780.jpg,1291,228,84,19,1375,247
00000000000000001000_13780.jpg,1689,914,151,40,1840,954
00000000000000001000_6234.jpg,1210,681,134,33,1344,714
00000000000000001000_11397.jpg,2667,1320,171,54,2838,1374
00000000000000001000_14819.jpg,1457,348,88,18,1545,366
00000000000000001000_14819.jpg,2630,1514,176,59,2806,1573
00000000000000001000_24902.jpg,1972,479,106,24,2078,503
00000000000000001000_24902.jpg,881,596,113,26,994,622
00000000000000001000_24902.jpg,3484,1049,128,34,3612,1083
00000000000000001000_24902.jpg,2999,1658,182,66,3181,1724
00000000000000001000_11079.jpg,1039,129,72,15,1111,144
00000000000000001000_11079.jpg,509,279,93,19,602,298
00000000000000001000_11079.jpg,453,1320,198,53,651,1373
00000000000000001000_11079.jpg,3994,1211,93,39,4087,1250
00000000000000001000_23905.jpg,1033,136,74,15,1107,151
00000000000000001000_23905.jpg,3068,965,116,32,3184,997
00000000000000001000_18201.jpg,3684,1209,139,40,3823,1249
00000000000000001000_16007.jpg,3623,1193,126,38,3749,1231
00000000000000001000_16007.jpg,1167,1812,220,68,1387,1880
00000000000000001000_1339.jpg,2725,1763,143,57,2868,1820
00000000000000001000_10929.jpg,1948,527,99,21,2047,548
00000000000000001000_10929.jpg,982,1662,229,65,1211,1727
00000000000000001000_10929.jpg,2918,1631,182,64,3100,1695
00000000000000001000_3159.jpg,436,197,91,20,527,217
00000000000000001000_3159.jpg,2865,992,125,32,2990,1024
00000000000000001000_3159.jpg,2959,1610,182,64,3141,1674
00000000000000001000_8984.jpg,1288,796,129,32,1417,828
00000000000000001000_8984.jpg,3295,883,115,34,3410,917
00000000000000001000_8984.jpg,2838,1755,190,70,3028,1825
00000000000000001000_14959.jpg,3724,1291,137,42,3861,1333
00000000000000001000_14959.jpg,966,1573,203,59,1169,1632
00000000000000001000_3609.jpg,2239,1203,163,46,2402,1249
00000000000000001000_15920.jpg,3434,1132,127,37,3561,1169
00000000000000001000_15920.jpg,1080,1892,224,69,1304,1961
00000000000000001000_13660.jpg,3857,1424,135,38,3992,1462
00000000000000001000_8814.jpg,742,411,106,22,848,433
00000000000000001000_8814.jpg,2596,1652,178,59,2774,1711
00000000000000001000_5389.jpg,3710,1174,131,42,3841,1216
00000000000000001000_3354.jpg,1881,563,99,24,1980,587
00000000000000001000_3354.jpg,3093,1598,181,64,3274,1662
00000000000000001000_15664.jpg,477,292,91,19,568,311
00000000000000001000_15664.jpg,1911,522,102,22,2013,544
00000000000000001000_15664.jpg,2845,1777,181,64,3026,1841
00000000000000001000_24342.jpg,1172,146,50,16,1222,162
00000000000000001000_24342.jpg,948,856,180,32,1128,888
00000000000000001000_24342.jpg,807,861,100,30,907,891
00000000000000001000_24342.jpg,748,1757,224,62,972,1819
00000000000000001000_13970.jpg,729,59,67,16,796,75
00000000000000001000_13970.jpg,244,245,87,20,331,265
00000000000000001000_13970.jpg,1788,442,103,23,1891,465
00000000000000001000_13970.jpg,3099,1633,181,64,3280,1697
00000000000000001000_12727.jpg,1346,224,82,17,1428,241
00000000000000001000_15368.jpg,939,52,72,16,1011,68
00000000000000001000_15368.jpg,3758,1313,127,44,3885,1357
00000000000000001000_9194.jpg,471,266,82,20,553,286
00000000000000001000_9194.jpg,1366,157,83,20,1449,177
00000000000000001000_9194.jpg,3691,1102,126,39,3817,1141
00000000000000001000_9194.jpg,2777,1804,205,67,2982,1871
00000000000000001000_3974.jpg,879,602,115,27,994,629
00000000000000001000_3974.jpg,872,1341,195,55,1067,1396
00000000000000001000_23657.jpg,1607,353,94,21,1701,374
00000000000000001000_23657.jpg,16,711,87,28,103,739
00000000000000001000_23657.jpg,3590,1205,133,42,3723,1247
00000000000000001000_8789.jpg,3961,1349,131,46,4092,1395
00000000000000001000_18324.jpg,455,303,90,20,545,323
00000000000000001000_18324.jpg,1628,359,87,19,1715,378
00000000000000001000_18324.jpg,1243,835,132,31,1375,866
00000000000000001000_18324.jpg,2963,1774,180,65,3143,1839
00000000000000001000_6029.jpg,1203,300,87,20,1290,320
00000000000000001000_22000.jpg,184,106,77,16,261,122
00000000000000001000_22000.jpg,1110,229,79,17,1189,246
00000000000000001000_10164.jpg,971,76,72,16,1043,92
00000000000000001000_10164.jpg,963,530,108,24,1071,554
00000000000000001000_10164.jpg,3346,984,125,33,3471,1017
00000000000000001000_10164.jpg,3180,1773,182,69,3362,1842
00000000000000001000_11444.jpg,3156,1127,139,39,3295,1166
00000000000000001000_11444.jpg,919,1566,221,62,1140,1628
00000000000000001000_10064.jpg,535,1654,237,68,772,1722
00000000000000001000_10064.jpg,2843,1520,172,55,3015,1575
00000000000000001000_2211.jpg,1099,234,86,20,1185,254
00000000000000001000_2211.jpg,2582,1342,179,53,2761,1395
00000000000000001000_6049.jpg,3852,1312,131,40,3983,1352
00000000000000001000_6049.jpg,3195,1691,178,62,3373,1753
00000000000000001000_14070.jpg,701,389,109,24,810,413
00000000000000001000_14070.jpg,1319,281,80,17,1399,298
00000000000000001000_14070.jpg,3475,1120,120,36,3595,1156
00000000000000001000_14070.jpg,3100,1803,180,64,3280,1867
00000000000000001000_6259.jpg,1173,221,78,17,1251,238
00000000000000001000_6259.jpg,3874,1233,125,42,3999,1275
00000000000000001000_21551.jpg,880,1594,219,62,1099,1656
00000000000000001000_21551.jpg,3863,1877,163,55,4026,1932
00000000000000001000_9184.jpg,1324,236,78,17,1402,253
00000000000000001000_3029.jpg,466,1629,226,57,692,1686
00000000000000001000_3029.jpg,2872,1537,178,60,3050,1597
00000000000000001000_24737.jpg,2995,1694,193,68,3188,1762
00000000000000001000_8284.jpg,2109,735,114,24,2223,759
00000000000000001000_8284.jpg,2520,1436,179,56,2699,1492
00000000000000001000_5279.jpg,1097,563,111,26,1208,589
00000000000000001000_5279.jpg,620,1234,193,52,813,1286
00000000000000001000_5279.jpg,3925,1299,130,41,4055,1340
00000000000000001000_19134.jpg,1303,749,126,28,1429,777
00000000000000001000_19134.jpg,3873,1149,124,40,3997,1189
00000000000000001000_19134.jpg,2679,1734,185,67,2864,1801
00000000000000001000_24797.jpg,769,1579,224,60,993,1639
00000000000000001000_24797.jpg,3548,1770,170,66,3718,1836
00000000000000001000_23497.jpg,1025,139,80,17,1105,156
00000000000000001000_20452.jpg,2512,682,107,26,2619,708
00000000000000001000_19446.jpg,1897,422,65,23,1962,445
00000000000000001000_19446.jpg,3890,1212,61,28,3951,1240
00000000000000001000_19446.jpg,2981,1878,192,68,3173,1946
00000000000000001000_16725.jpg,1543,370,86,17,1629,387
00000000000000001000_16725.jpg,1049,526,117,27,1166,553
00000000000000001000_16725.jpg,2442,716,113,27,2555,743
00000000000000001000_16725.jpg,352,989,178,44,530,1033
00000000000000001000_16725.jpg,3019,1597,179,65,3198,1662
00000000000000001000_7879.jpg,774,1792,230,37,1004,1829
00000000000000001000_14303.jpg,309,195,86,18,395,213
00000000000000001000_14303.jpg,2925,832,120,30,3045,862
00000000000000001000_7219.jpg,576,228,102,26,678,254
00000000000000001000_22517.jpg,2198,689,112,29,2310,718
00000000000000001000_22517.jpg,2606,1601,180,60,2786,1661
00000000000000001000_11353.jpg,3383,1144,133,41,3516,1185
00000000000000001000_21160.jpg,862,455,116,24,978,479
00000000000000001000_21160.jpg,2315,654,110,25,2425,679
00000000000000001000_21160.jpg,2992,1377,168,55,3160,1432
00000000000000001000_1612.jpg,379,248,86,18,465,266
00000000000000001000_1612.jpg,3291,1086,137,35,3428,1121
00000000000000001000_1612.jpg,2785,1520,163,60,2948,1580
00000000000000001000_13570.jpg,3184,1145,139,41,3323,1186
00000000000000001000_8119.jpg,1123,167,77,16,1200,183
00000000000000001000_8119.jpg,1051,493,116,26,1167,519
00000000000000001000_8119.jpg,3964,1333,123,43,4087,1376
00000000000000001000_4344.jpg,3364,1119,127,37,3491,1156
00000000000000001000_4664.jpg,474,1049,180,43,654,1092
00000000000000001000_4664.jpg,2889,1542,186,63,3075,1605
00000000000000001000_24372.jpg,698,29,55,14,753,43
00000000000000001000_24372.jpg,881,444,109,24,990,468
00000000000000001000_24372.jpg,3581,1291,141,41,3722,1332
00000000000000001000_24372.jpg,3174,1622,182,67,3356,1689
00000000000000001000_24382.jpg,1288,290,88,20,1376,310
00000000000000001000_24382.jpg,2172,628,114,24,2286,652
00000000000000001000_24382.jpg,2742,1545,197,63,2939,1608
00000000000000001000_4029.jpg,1203,543,123,26,1326,569
00000000000000001000_4029.jpg,2383,708,111,26,2494,734
00000000000000001000_4029.jpg,1068,1499,201,57,1269,1556
00000000000000001000_4029.jpg,3175,1884,190,67,3365,1951
00000000000000001000_17022.jpg,954,498,113,26,1067,524
00000000000000001000_17022.jpg,2719,860,116,28,2835,888
00000000000000001000_17022.jpg,3138,1787,177,65,3315,1852
00000000000000001000_11857.jpg,339,185,84,17,423,202
00000000000000001000_11857.jpg,2519,1679,184,60,2703,1739
00000000000000001000_18527.jpg,1018,107,74,15,1092,122
00000000000000001000_18527.jpg,276,223,83,16,359,239
00000000000000001000_18527.jpg,2837,1771,176,65,3013,1836
00000000000000001000_21491.jpg,1732,450,93,19,1825,469
00000000000000001000_21491.jpg,2803,1450,175,58,2978,1508
00000000000000001000_24897.jpg,1007,511,118,26,1125,537
00000000000000001000_24897.jpg,3151,983,139,31,3290,1014
00000000000000001000_24897.jpg,3138,1888,178,72,3316,1960
00000000000000001000_19652.jpg,3263,1031,125,36,3388,1067
00000000000000001000_735.jpg,911,107,70,15,981,122
00000000000000001000_735.jpg,1536,451,90,20,1626,471
00000000000000001000_735.jpg,1611,970,144,36,1755,1006
00000000000000001000_81.jpg,1881,390,93,21,1974,411
00000000000000001000_81.jpg,1473,746,136,32,1609,778
00000000000000001000_15383.jpg,3340,1809,194,71,3534,1880
00000000000000001000_4949.jpg,566,386,100,24,666,410
00000000000000001000_4949.jpg,2876,217,135,24,3011,241
00000000000000001000_4949.jpg,2640,740,109,19,2749,759
00000000000000001000_4949.jpg,2569,1258,172,50,2741,1308
00000000000000001000_11651.jpg,404,162,83,17,487,179
00000000000000001000_11651.jpg,1345,673,118,28,1463,701
00000000000000001000_11651.jpg,3072,1582,172,61,3244,1643
00000000000000001000_1722.jpg,572,277,98,20,670,297
00000000000000001000_1722.jpg,1518,333,90,20,1608,353
00000000000000001000_19996.jpg,1049,543,113,25,1162,568
00000000000000001000_19996.jpg,2650,1531,186,60,2836,1591
00000000000000001000_17120.jpg,1106,122,78,16,1184,138
00000000000000001000_17120.jpg,3045,1643,179,64,3224,1707
00000000000000001000_178.jpg,173,79,76,15,249,94
00000000000000001000_178.jpg,775,484,109,24,884,508
00000000000000001000_178.jpg,997,1886,253,74,1250,1960
00000000000000001000_178.jpg,3109,1698,186,70,3295,1768
00000000000000001000_6879.jpg,1436,207,83,17,1519,224
00000000000000001000_6879.jpg,1068,582,123,29,1191,611
00000000000000001000_6879.jpg,2705,1538,189,62,2894,1600
00000000000000001000_23316.jpg,2145,1117,155,42,2300,1159
00000000000000001000_14448.jpg,1258,233,84,18,1342,251
00000000000000001000_14448.jpg,1003,602,122,26,1125,628
00000000000000001000_14448.jpg,2017,573,121,24,2138,597
00000000000000001000_14448.jpg,2793,1505,191,61,2984,1566
00000000000000001000_9634.jpg,296,812,163,38,459,850
00000000000000001000_3439.jpg,2528,758,107,26,2635,784
00000000000000001000_3439.jpg,2919,1552,176,58,3095,1610
00000000000000001000_4099.jpg,1065,489,105,22,1170,511
00000000000000001000_4099.jpg,2964,1539,181,65,3145,1604
00000000000000001000_24008.jpg,927,130,77,17,1004,147
00000000000000001000_24008.jpg,1314,625,121,28,1435,653
00000000000000001000_24008.jpg,3067,916,125,32,3192,948
00000000000000001000_24008.jpg,1034,1617,212,60,1246,1677
00000000000000001000_22136.jpg,1724,417,95,21,1819,438
00000000000000001000_22136.jpg,3821,1350,125,46,3946,1396
00000000000000001000_5494.jpg,240,802,159,41,399,843
00000000000000001000_5494.jpg,2073,1044,156,42,2229,1086
00000000000000001000_5494.jpg,3623,1194,130,42,3753,1236
00000000000000001000_10549.jpg,2796,1733,187,62,2983,1795
00000000000000001000_5669.jpg,1176,1669,224,59,1400,1728
00000000000000001000_1762.jpg,756,356,106,23,862,379
00000000000000001000_1762.jpg,1406,304,91,21,1497,325
00000000000000001000_1762.jpg,3496,1155,131,35,3627,1190
00000000000000001000_1762.jpg,2847,1468,175,58,3022,1526
00000000000000001000_4829.jpg,1728,369,95,21,1823,390
00000000000000001000_4829.jpg,1035,514,119,26,1154,540
00000000000000001000_4829.jpg,3645,1237,133,42,3778,1279
00000000000000001000_17546.jpg,474,280,79,19,553,299
00000000000000001000_17546.jpg,2677,740,119,25,2796,765
00000000000000001000_17546.jpg,2722,1609,187,58,2909,1667
00000000000000001000_9809.jpg,3342,1203,139,37,3481,1240
00000000000000001000_9809.jpg,2913,1637,177,64,3090,1701
00000000000000001000_14285.jpg,3886,1969,202,76,4088,2045
00000000000000001000_14408.jpg,3776,1277,133,42,3909,1319
00000000000000001000_486.jpg,786,1210,178,46,964,1256
00000000000000001000_10834.jpg,3901,1320,138,44,4039,1364
00000000000000001000_13412.jpg,1334,623,120,28,1454,651
00000000000000001000_13412.jpg,3563,1097,118,37,3681,1134
00000000000000001000_13412.jpg,3656,1800,186,70,3842,1870
00000000000000001000_1427.jpg,547,251,95,21,642,272
00000000000000001000_1427.jpg,3244,1679,175,64,3419,1743
00000000000000001000_14894.jpg,3807,1262,135,46,3942,1308
00000000000000001000_17729.jpg,511,323,94,19,605,342
00000000000000001000_17729.jpg,1929,508,97,22,2026,530
00000000000000001000_17729.jpg,2996,1647,188,65,3184,1712
00000000000000001000_1867.jpg,1481,426,95,20,1576,446
00000000000000001000_1867.jpg,1145,590,121,28,1266,618
00000000000000001000_1867.jpg,2437,1423,171,53,2608,1476
00000000000000001000_1867.jpg,3959,1300,134,45,4093,1345
00000000000000001000_15780.jpg,2294,1205,167,51,2461,1256
00000000000000001000_11325.jpg,1087,205,83,19,1170,224
00000000000000001000_11325.jpg,3951,1387,123,46,4074,1433
00000000000000001000_10319.jpg,2240,661,107,24,2347,685
00000000000000001000_10319.jpg,3044,1567,176,63,3220,1630
00000000000000001000_2544.jpg,3446,1158,127,37,3573,1195
00000000000000001000_18717.jpg,2135,550,104,22,2239,572
00000000000000001000_18717.jpg,605,1390,198,50,803,1440
00000000000000001000_18717.jpg,2805,1488,183,60,2988,1548
00000000000000001000_10504.jpg,3524,970,121,35,3645,1005
00000000000000001000_6739.jpg,1380,261,88,18,1468,279
00000000000000001000_6739.jpg,2695,1588,195,64,2890,1652
00000000000000001000_2146.jpg,406,295,96,21,502,316
00000000000000001000_2146.jpg,2843,878,111,29,2954,907
00000000000000001000_21381.jpg,2707,1349,175,53,2882,1402
00000000000000001000_6014.jpg,2765,1542,177,61,2942,1603
00000000000000001000_7969.jpg,827,1272,205,55,1032,1327
00000000000000001000_7969.jpg,3625,1177,123,41,3748,1218
00000000000000001000_9474.jpg,2115,586,109,26,2224,612
00000000000000001000_3659.jpg,3913,1245,126,42,4039,1287
00000000000000001000_5339.jpg,1194,725,124,29,1318,754
00000000000000001000_5339.jpg,2410,626,103,25,2513,651
00000000000000001000_5339.jpg,3084,1668,183,65,3267,1733
00000000000000001000_12647.jpg,250,1403,211,54,461,1457
00000000000000001000_12647.jpg,3779,1290,140,48,3919,1338
00000000000000001000_22116.jpg,1418,320,85,19,1503,339
00000000000000001000_22116.jpg,3292,1830,213,66,3505,1896
00000000000000001000_7134.jpg,2450,1474,187,57,2637,1531
00000000000000001000_16057.jpg,1786,184,145,93,1931,277
00000000000000001000_16057.jpg,886,509,112,26,998,535
00000000000000001000_16057.jpg,1761,563,103,27,1864,590
00000000000000001000_19860.jpg,298,173,86,18,384,191
00000000000000001000_19860.jpg,1381,292,88,19,1469,311
00000000000000001000_19860.jpg,3845,1330,150,40,3995,1370
00000000000000001000_3089.jpg,992,553,114,25,1106,578
00000000000000001000_3089.jpg,2407,674,109,28,2516,702
00000000000000001000_3089.jpg,2800,1536,185,64,2985,1600
00000000000000001000_12143.jpg,892,1006,66,22,958,1028
00000000000000001000_12143.jpg,369,1154,191,50,560,1204
00000000000000001000_12143.jpg,2726,1629,178,56,2904,1685
00000000000000001000_21815.jpg,221,218,87,18,308,236
00000000000000001000_21815.jpg,3247,1093,192,52,3439,1145
00000000000000001000_21815.jpg,2867,1731,205,71,3072,1802
00000000000000001000_7424.jpg,2690,464,40,21,2730,485
00000000000000001000_7424.jpg,854,578,120,30,974,608
00000000000000001000_7424.jpg,3335,1048,123,37,3458,1085
00000000000000001000_7424.jpg,2924,1618,179,65,3103,1683
00000000000000001000_1417.jpg,1763,435,103,24,1866,459
00000000000000001000_1417.jpg,1269,614,126,31,1395,645
00000000000000001000_1417.jpg,3858,1379,127,47,3985,1426
00000000000000001000_1417.jpg,3189,1859,187,72,3376,1931
00000000000000001000_24927.jpg,716,449,113,23,829,472
00000000000000001000_24927.jpg,1664,306,67,16,1731,322
00000000000000001000_24927.jpg,3233,1422,155,55,3388,1477
00000000000000001000_21744.jpg,2384,750,109,27,2493,777
00000000000000001000_21744.jpg,500,1153,170,44,670,1197
00000000000000001000_21744.jpg,2061,1254,160,47,2221,1301
00000000000000001000_6089.jpg,1195,166,60,16,1255,182
00000000000000001000_6089.jpg,789,1123,186,49,975,1172
00000000000000001000_6089.jpg,3811,1033,116,37,3927,1070
00000000000000001000_13397.jpg,668,1358,208,56,876,1414
00000000000000001000_13397.jpg,2452,1478,170,53,2622,1531
00000000000000001000_14453.jpg,1270,272,99,18,1369,290
00000000000000001000_14453.jpg,1330,698,137,32,1467,730
00000000000000001000_17884.jpg,2557,1697,191,62,2748,1759
00000000000000001000_10629.jpg,2292,714,110,27,2402,741
00000000000000001000_10629.jpg,2802,1603,182,63,2984,1666
00000000000000001000_21293.jpg,1500,356,93,20,1593,376
00000000000000001000_21293.jpg,2479,1339,170,52,2649,1391
00000000000000001000_24802.jpg,3519,1262,130,39,3649,1301
00000000000000001000_24802.jpg,769,1578,223,61,992,1639
00000000000000001000_17784.jpg,748,443,107,22,855,465
00000000000000001000_17784.jpg,1378,205,81,17,1459,222
00000000000000001000_17784.jpg,2667,917,116,26,2783,943
00000000000000001000_17784.jpg,2788,1518,174,59,2962,1577
00000000000000001000_4104.jpg,1072,520,120,27,1192,547
00000000000000001000_4104.jpg,2708,1605,204,58,2912,1663
00000000000000001000_3179.jpg,3699,1081,135,36,3834,1117
00000000000000001000_12398.jpg,980,101,76,17,1056,118
00000000000000001000_12398.jpg,524,261,74,17,598,278
00000000000000001000_12398.jpg,1548,541,113,26,1661,567
00000000000000001000_12398.jpg,2994,1615,182,64,3176,1679
00000000000000001000_10654.jpg,3915,1491,138,46,4053,1537
00000000000000001000_15890.jpg,520,164,85,18,605,182
00000000000000001000_15890.jpg,1080,1892,225,69,1305,1961
00000000000000001000_15890.jpg,2618,1612,185,63,2803,1675
00000000000000001000_24717.jpg,684,418,105,27,789,445
00000000000000001000_24717.jpg,2775,1679,187,65,2962,1744
00000000000000001000_3754.jpg,2867,1524,168,57,3035,1581
00000000000000001000_18512.jpg,513,290,99,18,612,308
00000000000000001000_18512.jpg,1616,397,88,20,1704,417
00000000000000001000_18512.jpg,2833,1574,190,64,3023,1638
00000000000000001000_19682.jpg,1149,119,82,18,1231,137
00000000000000001000_19682.jpg,3033,993,120,30,3153,1023
00000000000000001000_19682.jpg,983,1160,53,42,1036,1202
00000000000000001000_19682.jpg,2626,1490,167,57,2793,1547
00000000000000001000_18722.jpg,1569,337,90,20,1659,357
00000000000000001000_18722.jpg,1395,723,136,33,1531,756
00000000000000001000_18722.jpg,604,1391,199,50,803,1441
00000000000000001000_18722.jpg,3882,1462,135,45,4017,1507
00000000000000001000_12446.jpg,1021,550,99,26,1120,576
00000000000000001000_12446.jpg,889,792,59,16,948,808
00000000000000001000_2799.jpg,979,134,55,16,1034,150
00000000000000001000_2799.jpg,732,387,102,22,834,409
00000000000000001000_2799.jpg,1820,425,100,21,1920,446
00000000000000001000_11897.jpg,820,42,70,14,890,56
00000000000000001000_11897.jpg,1244,725,125,30,1369,755
00000000000000001000_11897.jpg,3378,1714,182,68,3560,1782
00000000000000001000_1692.jpg,546,260,92,21,638,281
00000000000000001000_1692.jpg,1723,424,96,21,1819,445
00000000000000001000_1692.jpg,3216,1036,127,36,3343,1072
00000000000000001000_1692.jpg,2991,1686,165,65,3156,1751
00000000000000001000_7434.jpg,1923,458,100,22,2023,480
00000000000000001000_7434.jpg,3902,1223,131,41,4033,1264
00000000000000001000_10789.jpg,2305,12,104,31,2409,43
00000000000000001000_10789.jpg,3633,1252,129,41,3762,1293
00000000000000001000_17316.jpg,1053,201,86,17,1139,218
00000000000000001000_3044.jpg,3131,1467,170,56,3301,1523
00000000000000001000_3044.jpg,466,1630,228,57,694,1687
00000000000000001000_7464.jpg,2651,680,70,22,2721,702
00000000000000001000_7464.jpg,2629,1696,190,66,2819,1762
00000000000000001000_12577.jpg,707,27,68,15,775,42
00000000000000001000_12577.jpg,1046,603,125,27,1171,630
00000000000000001000_12577.jpg,2755,843,119,31,2874,874
00000000000000001000_12577.jpg,2832,1531,182,61,3014,1592
00000000000000001000_11842.jpg,734,361,104,22,838,383
00000000000000001000_11842.jpg,2073,561,101,24,2174,585
00000000000000001000_11842.jpg,2687,1453,178,58,2865,1511
00000000000000001000_978.jpg,3794,1189,123,41,3917,1230
00000000000000001000_14165.jpg,895,454,112,25,1007,479
00000000000000001000_14165.jpg,1721,451,98,25,1819,476
00000000000000001000_14165.jpg,3981,1296,108,41,4089,1337
00000000000000001000_18008.jpg,630,300,99,21,729,321
00000000000000001000_18008.jpg,2593,795,117,28,2710,823
00000000000000001000_18008.jpg,2930,1852,185,67,3115,1919
00000000000000001000_4594.jpg,639,256,94,21,733,277
00000000000000001000_4594.jpg,2623,1420,172,52,2795,1472
00000000000000001000_21724.jpg,197,58,65,15,262,73
00000000000000001000_21724.jpg,943,101,69,14,1012,115
00000000000000001000_21724.jpg,973,416,113,25,1086,441
00000000000000001000_21724.jpg,653,1305,183,48,836,1353
00000000000000001000_21724.jpg,3624,1186,121,36,3745,1222
00000000000000001000_21724.jpg,3095,1577,178,56,3273,1633
00000000000000001000_24156.jpg,2772,838,121,32,2893,870
00000000000000001000_18777.jpg,970,587,124,26,1094,613
00000000000000001000_20359.jpg,1249,163,80,18,1329,181
00000000000000001000_20359.jpg,3808,1131,121,43,3929,1174
00000000000000001000_14075.jpg,1200,718,123,28,1323,746
00000000000000001000_14075.jpg,2210,616,102,24,2312,640
00000000000000001000_14075.jpg,3970,1422,127,46,4097,1468
00000000000000001000_1757.jpg,756,356,106,23,862,379
00000000000000001000_1757.jpg,1406,304,91,21,1497,325
00000000000000001000_1757.jpg,3496,1155,131,35,3627,1190
00000000000000001000_1757.jpg,2847,1468,175,58,3022,1526
00000000000000001000_21431.jpg,1231,710,135,32,1366,742
00000000000000001000_21431.jpg,3915,1450,120,24,4035,1474
00000000000000001000_19391.jpg,1049,500,113,25,1162,525
00000000000000001000_19391.jpg,2550,692,104,27,2654,719
00000000000000001000_19391.jpg,3138,1776,177,65,3315,1841
00000000000000001000_7324.jpg,1024,653,117,28,1141,681
00000000000000001000_7324.jpg,790,1442,224,61,1014,1503
00000000000000001000_7324.jpg,3857,1197,84,38,3941,1235
00000000000000001000_12441.jpg,712,351,104,21,816,372
00000000000000001000_12441.jpg,1761,949,146,39,1907,988
00000000000000001000_12441.jpg,3139,1101,130,36,3269,1137
00000000000000001000_10139.jpg,1048,198,78,17,1126,215
00000000000000001000_10139.jpg,2700,1333,167,53,2867,1386
00000000000000001000_22404.jpg,407,280,92,20,499,300
00000000000000001000_22404.jpg,2813,1587,186,59,2999,1646
00000000000000001000_10134.jpg,2093,633,119,26,2212,659
00000000000000001000_18632.jpg,743,484,105,24,848,508
00000000000000001000_18632.jpg,3724,1239,125,40,3849,1279
00000000000000001000_18632.jpg,505,1464,160,34,665,1498
00000000000000001000_16813.jpg,545,1106,181,44,726,1150
00000000000000001000_16813.jpg,3736,1184,125,43,3861,1227
00000000000000001000_24842.jpg,1839,393,101,20,1940,413
00000000000000001000_15936.jpg,1794,450,101,22,1895,472
00000000000000001000_15936.jpg,3952,1303,133,45,4085,1348
00000000000000001000_20349.jpg,940,112,75,16,1015,128
00000000000000001000_20349.jpg,3959,1280,127,42,4086,1322
00000000000000001000_640.jpg,2770,1527,175,60,2945,1587
00000000000000001000_1043.jpg,1561,437,96,20,1657,457
00000000000000001000_1043.jpg,2948,1830,184,67,3132,1897
00000000000000001000_11452.jpg,3037,853,74,28,3111,881
00000000000000001000_11452.jpg,3187,1894,201,71,3388,1965
00000000000000001000_10279.jpg,3759,1461,149,55,3908,1516
00000000000000001000_10279.jpg,784,1660,238,70,1022,1730
00000000000000001000_501.jpg,2752,1538,179,62,2931,1600
00000000000000001000_15659.jpg,989,156,78,15,1067,171
00000000000000001000_15659.jpg,1769,1069,148,39,1917,1108
00000000000000001000_795.jpg,324,207,82,16,406,223
00000000000000001000_795.jpg,3765,1198,136,41,3901,1239
00000000000000001000_3794.jpg,536,299,94,21,630,320
00000000000000001000_3794.jpg,1655,443,102,22,1757,465
00000000000000001000_3794.jpg,3780,1207,127,41,3907,1248
00000000000000001000_10564.jpg,3969,1655,126,56,4095,1711
00000000000000001000_9389.jpg,904,116,52,17,956,133
00000000000000001000_9389.jpg,526,1308,196,55,722,1363
00000000000000001000_9389.jpg,2975,1538,185,62,3160,1600
00000000000000001000_17105.jpg,2643,807,67,19,2710,826
00000000000000001000_17105.jpg,3153,1530,169,60,3322,1590
00000000000000001000_17814.jpg,3006,841,175,27,3181,868
00000000000000001000_17814.jpg,3140,1712,186,69,3326,1781
00000000000000001000_18945.jpg,1467,333,91,21,1558,354
00000000000000001000_18945.jpg,3030,1692,179,63,3209,1755
00000000000000001000_23469.jpg,927,105,79,16,1006,121
00000000000000001000_23469.jpg,3917,1291,133,47,4050,1338
00000000000000001000_1997.jpg,3559,1081,110,40,3669,1121
00000000000000001000_12233.jpg,1586,414,88,20,1674,434
00000000000000001000_12233.jpg,958,535,116,26,1074,561
00000000000000001000_12233.jpg,2080,1129,156,46,2236,1175
00000000000000001000_16939.jpg,1736,390,97,22,1833,412
00000000000000001000_16939.jpg,3392,1275,136,45,3528,1320
00000000000000001000_8409.jpg,1198,588,131,29,1329,617
00000000000000001000_8409.jpg,2638,720,83,24,2721,744
00000000000000001000_8409.jpg,3959,1393,126,45,4085,1438
00000000000000001000_4434.jpg,1834,403,93,20,1927,423
00000000000000001000_4434.jpg,1211,722,125,31,1336,753
00000000000000001000_4434.jpg,3011,1576,183,66,3194,1642
00000000000000001000_8969.jpg,610,365,99,21,709,386
00000000000000001000_8969.jpg,3341,1840,182,71,3523,1911
00000000000000001000_4489.jpg,1096,584,121,28,1217,612
00000000000000001000_4489.jpg,2496,1686,185,62,2681,1748
00000000000000001000_19298.jpg,3175,646,55,29,3230,675
00000000000000001000_19298.jpg,631,1576,209,57,840,1633
00000000000000001000_10324.jpg,915,431,109,22,1024,453
00000000000000001000_10324.jpg,3917,3,71,27,3988,30
00000000000000001000_10324.jpg,2513,676,105,26,2618,702
00000000000000001000_10324.jpg,2939,1855,182,67,3121,1922
00000000000000001000_2289.jpg,2001,1013,152,38,2153,1051
00000000000000001000_2289.jpg,3366,1081,130,37,3496,1118
00000000000000001000_10144.jpg,1544,738,131,32,1675,770
00000000000000001000_21021.jpg,1993,484,100,24,2093,508
00000000000000001000_21021.jpg,830,552,115,27,945,579
00000000000000001000_21021.jpg,2789,1716,181,64,2970,1780
00000000000000001000_15308.jpg,1078,711,122,28,1200,739
00000000000000001000_15308.jpg,2801,1806,186,67,2987,1873
00000000000000001000_5539.jpg,995,174,73,16,1068,190
00000000000000001000_5539.jpg,3817,1432,129,44,3946,1476
00000000000000001000_13990.jpg,3881,1317,126,44,4007,1361
00000000000000001000_5909.jpg,1557,418,97,21,1654,439
00000000000000001000_5909.jpg,3081,1572,176,59,3257,1631
00000000000000001000_1872.jpg,205,102,57,16,262,118
00000000000000001000_1872.jpg,848,493,108,23,956,516
00000000000000001000_1872.jpg,1516,316,91,18,1607,334
00000000000000001000_1872.jpg,2913,1498,175,62,3088,1560
00000000000000001000_9109.jpg,3522,1390,135,44,3657,1434
00000000000000001000_16509.jpg,610,391,98,22,708,413
00000000000000001000_16509.jpg,1840,108,109,21,1949,129
00000000000000001000_16509.jpg,1799,461,107,24,1906,485
00000000000000001000_16509.jpg,3801,1127,123,40,3924,1167
00000000000000001000_16509.jpg,2898,1676,179,64,3077,1740
00000000000000001000_4694.jpg,3759,1259,135,42,3894,1301
00000000000000001000_4694.jpg,1542,1590,175,82,1717,1672
00000000000000001000_8249.jpg,3022,1653,174,62,3196,1715
00000000000000001000_6469.jpg,977,1488,213,56,1190,1544
00000000000000001000_6469.jpg,3143,1495,179,56,3322,1551
00000000000000001000_12045.jpg,463,1447,200,58,663,1505
00000000000000001000_13502.jpg,509,245,96,20,605,265
00000000000000001000_13502.jpg,3037,907,119,32,3156,939
00000000000000001000_13502.jpg,3317,1623,179,67,3496,1690
00000000000000001000_1947.jpg,884,147,75,15,959,162
00000000000000001000_1947.jpg,854,459,108,22,962,481
00000000000000001000_1947.jpg,3082,935,122,33,3204,968
00000000000000001000_1947.jpg,3049,1748,176,69,3225,1817
00000000000000001000_3294.jpg,1253,197,83,18,1336,215
00000000000000001000_3294.jpg,428,1296,208,55,636,1351
00000000000000001000_3294.jpg,3174,1077,125,37,3299,1114
00000000000000001000_3294.jpg,3517,1815,187,73,3704,1888
00000000000000001000_12328.jpg,815,393,104,23,919,416
00000000000000001000_12328.jpg,1531,356,86,18,1617,374
00000000000000001000_12328.jpg,3074,1672,187,67,3261,1739
00000000000000001000_9704.jpg,1568,308,86,19,1654,327
00000000000000001000_9704.jpg,1934,1213,158,43,2092,1256
00000000000000001000_9704.jpg,901,1784,252,74,1153,1858
00000000000000001000_12832.jpg,1586,429,89,19,1675,448
00000000000000001000_12832.jpg,1198,602,121,28,1319,630
00000000000000001000_12832.jpg,3000,1723,190,65,3190,1788
00000000000000001000_2171.jpg,580,302,96,22,676,324
00000000000000001000_2171.jpg,3325,1769,206,74,3531,1843
00000000000000001000_119.jpg,2486,1380,177,53,2663,1433
00000000000000001000_11105.jpg,409,211,91,18,500,229
00000000000000001000_11105.jpg,2053,435,99,22,2152,457
00000000000000001000_11105.jpg,1183,704,133,29,1316,733
00000000000000001000_21026.jpg,2870,1840,205,64,3075,1904
00000000000000001000_9869.jpg,3428,1044,109,40,3537,1084
00000000000000001000_9869.jpg,763,1549,233,65,996,1614
00000000000000001000_22449.jpg,3516,1114,94,38,3610,1152
00000000000000001000_5594.jpg,3974,1340,121,45,4095,1385
00000000000000001000_10944.jpg,981,1662,231,65,1212,1727
00000000000000001000_10944.jpg,3136,1581,172,58,3308,1639
00000000000000001000_21920.jpg,940,125,71,14,1011,139
00000000000000001000_21920.jpg,1219,570,118,26,1337,596
00000000000000001000_21920.jpg,2376,649,104,24,2480,673
00000000000000001000_2304.jpg,822,370,107,23,929,393
00000000000000001000_2304.jpg,2535,639,105,26,2640,665
00000000000000001000_15223.jpg,1229,248,79,17,1308,265
00000000000000001000_15223.jpg,343,1302,199,52,542,1354
00000000000000001000_15223.jpg,2456,1530,190,65,2646,1595
00000000000000001000_4979.jpg,1255,132,81,19,1336,151
00000000000000001000_4979.jpg,3960,1357,135,45,4095,1402
00000000000000001000_12962.jpg,160,147,85,16,245,163
00000000000000001000_18224.jpg,207,112,52,16,259,128
00000000000000001000_18224.jpg,1052,184,80,18,1132,202
00000000000000001000_18224.jpg,2152,560,109,25,2261,585
00000000000000001000_6319.jpg,1170,204,79,16,1249,220
00000000000000001000_14859.jpg,329,239,90,18,419,257
00000000000000001000_14859.jpg,3233,1850,182,69,3415,1919
00000000000000001000_8139.jpg,2946,1393,175,52,3121,1445
00000000000000001000_9969.jpg,3610,1048,123,38,3733,1086
00000000000000001000_19311.jpg,742,180,75,17,817,197
00000000000000001000_19311.jpg,630,1576,209,58,839,1634
00000000000000001000_19311.jpg,3155,1841,189,66,3344,1907
00000000000000001000_9614.jpg,3758,1310,131,43,3889,1353
00000000000000001000_11467.jpg,3905,1220,134,40,4039,1260
00000000000000001000_6494.jpg,1281,197,87,20,1368,217
00000000000000001000_6494.jpg,3912,1305,119,46,4031,1351
00000000000000001000_5479.jpg,1001,139,81,19,1082,158
00000000000000001000_5479.jpg,340,871,167,45,507,916
00000000000000001000_5479.jpg,2597,1527,176,57,2773,1584
00000000000000001000_13342.jpg,3329,1243,133,41,3462,1284
00000000000000001000_19850.jpg,312,1343,200,53,512,1396
00000000000000001000_24216.jpg,2306,1593,186,68,2492,1661
00000000000000001000_4774.jpg,1106,581,115,26,1221,607
00000000000000001000_4774.jpg,3149,1471,173,58,3322,1529
00000000000000001000_4774.jpg,831,1771,233,63,1064,1834
00000000000000001000_21762.jpg,2374,846,172,24,2546,870
00000000000000001000_21762.jpg,2639,1545,175,53,2814,1598
00000000000000001000_15649.jpg,3927,1314,131,46,4058,1360
00000000000000001000_18254.jpg,3839,1246,122,41,3961,1287
00000000000000001000_12308.jpg,3709,1223,139,42,3848,1265
00000000000000001000_22126.jpg,171,112,78,16,249,128
00000000000000001000_22126.jpg,1546,438,89,21,1635,459
00000000000000001000_22126.jpg,1307,784,122,30,1429,814
00000000000000001000_22126.jpg,3528,997,126,29,3654,1026
00000000000000001000_22126.jpg,3027,1716,202,60,3229,1776
00000000000000001000_6424.jpg,3774,1004,127,48,3901,1052
00000000000000001000_4269.jpg,1354,396,91,20,1445,416
00000000000000001000_4269.jpg,3330,1215,132,38,3462,1253
00000000000000001000_2889.jpg,2850,1329,167,54,3017,1383
00000000000000001000_9944.jpg,2181,421,46,17,2227,438
00000000000000001000_9944.jpg,3587,1129,126,40,3713,1169
00000000000000001000_23213.jpg,72,164,81,16,153,180
00000000000000001000_23213.jpg,2021,488,96,22,2117,510
00000000000000001000_23213.jpg,3783,1156,128,42,3911,1198
00000000000000001000_23213.jpg,2618,1688,193,60,2811,1748
00000000000000001000_21576.jpg,1606,480,97,22,1703,502
00000000000000001000_21576.jpg,2802,1522,184,62,2986,1584
00000000000000001000_16524.jpg,972,173,74,16,1046,189
00000000000000001000_16524.jpg,839,610,114,26,953,636
00000000000000001000_16524.jpg,2106,591,101,21,2207,612
00000000000000001000_16524.jpg,2580,1604,185,62,2765,1666
00000000000000001000_660.jpg,1161,174,82,16,1243,190
00000000000000001000_660.jpg,1455,802,126,32,1581,834
00000000000000001000_660.jpg,898,1551,223,62,1121,1613
00000000000000001000_660.jpg,2833,1869,192,62,3025,1931
00000000000000001000_17446.jpg,655,492,112,25,767,517
00000000000000001000_17446.jpg,3945,1321,125,42,4070,1363
00000000000000001000_17446.jpg,2798,1835,191,68,2989,1903
00000000000000001000_11019.jpg,1843,444,91,22,1934,466
00000000000000001000_11019.jpg,3575,3,63,23,3638,26
00000000000000001000_11019.jpg,1574,930,135,36,1709,966
00000000000000001000_11019.jpg,3538,1677,178,69,3716,1746
00000000000000001000_7344.jpg,1767,362,93,18,1860,380
00000000000000001000_7344.jpg,2106,1072,160,46,2266,1118
00000000000000001000_22361.jpg,406,337,94,20,500,357
00000000000000001000_22361.jpg,1499,469,97,21,1596,490
00000000000000001000_22361.jpg,1150,596,121,28,1271,624
00000000000000001000_22361.jpg,3425,1093,140,38,3565,1131
00000000000000001000_22361.jpg,2859,1583,179,61,3038,1644
00000000000000001000_13192.jpg,214,245,89,22,303,267
00000000000000001000_13192.jpg,1776,460,95,22,1871,482
00000000000000001000_13192.jpg,961,547,108,28,1069,575
00000000000000001000_13192.jpg,804,1503,225,59,1029,1562
00000000000000001000_13192.jpg,2952,1545,164,61,3116,1606
00000000000000001000_13915.jpg,2952,1537,175,58,3127,1595
00000000000000001000_1304.jpg,823,26,71,16,894,42
00000000000000001000_1304.jpg,678,364,95,20,773,384
00000000000000001000_1304.jpg,2708,1556,179,59,2887,1615
00000000000000001000_20582.jpg,3304,1149,129,38,3433,1187
00000000000000001000_20582.jpg,1064,1785,245,75,1309,1860
00000000000000001000_18454.jpg,907,488,112,25,1019,513
00000000000000001000_18454.jpg,1522,233,86,17,1608,250
00000000000000001000_18454.jpg,2041,1348,166,49,2207,1397
00000000000000001000_8109.jpg,883,299,98,20,981,319
00000000000000001000_8109.jpg,1498,367,94,19,1592,386
00000000000000001000_8109.jpg,3307,1918,176,76,3483,1994
00000000000000001000_21351.jpg,3260,1450,162,54,3422,1504
00000000000000001000_3619.jpg,3927,1463,142,47,4069,1510
00000000000000001000_17150.jpg,770,435,107,23,877,458
00000000000000001000_17150.jpg,2365,586,103,26,2468,612
00000000000000001000_17150.jpg,2883,1751,181,65,3064,1816
00000000000000001000_18677.jpg,1300,213,85,19,1385,232
00000000000000001000_18677.jpg,1637,994,142,37,1779,1031
00000000000000001000_18677.jpg,3946,1241,128,44,4074,1285
00000000000000001000_15135.jpg,369,147,83,18,452,165
00000000000000001000_15135.jpg,1081,182,80,16,1161,198
00000000000000001000_15135.jpg,1257,644,122,31,1379,675
00000000000000001000_15135.jpg,2266,653,104,25,2370,678
00000000000000001000_15135.jpg,792,1762,224,62,1016,1824
00000000000000001000_10924.jpg,805,97,72,16,877,113
00000000000000001000_10924.jpg,1775,415,92,20,1867,435
00000000000000001000_10924.jpg,3903,1307,122,44,4025,1351
00000000000000001000_10924.jpg,981,1664,230,63,1211,1727
00000000000000001000_13052.jpg,1749,886,133,33,1882,919
00000000000000001000_13052.jpg,3756,1227,136,44,3892,1271
00000000000000001000_7534.jpg,1245,200,53,19,1298,219
00000000000000001000_7534.jpg,1385,906,151,39,1536,945
00000000000000001000_1607.jpg,189,1206,193,47,382,1253
00000000000000001000_1607.jpg,2347,1418,164,53,2511,1471
00000000000000001000_4219.jpg,789,331,104,21,893,352
00000000000000001000_4219.jpg,2753,1588,183,65,2936,1653
00000000000000001000_6004.jpg,1275,221,86,18,1361,239
00000000000000001000_6004.jpg,813,455,107,25,920,480
00000000000000001000_20261.jpg,441,1402,197,52,638,1454
00000000000000001000_20261.jpg,2888,1505,175,59,3063,1564
00000000000000001000_17190.jpg,1266,679,117,24,1383,703
00000000000000001000_17190.jpg,2593,742,119,29,2712,771
00000000000000001000_17190.jpg,2925,1524,177,62,3102,1586
00000000000000001000_5024.jpg,2754,1597,175,61,2929,1658
00000000000000001000_24602.jpg,2830,1683,185,67,3015,1750
00000000000000001000_5849.jpg,2942,1609,180,64,3122,1673
00000000000000001000_4749.jpg,752,391,103,22,855,413
00000000000000001000_4749.jpg,742,1210,187,50,929,1260
00000000000000001000_1221.jpg,448,241,93,20,541,261
00000000000000001000_1221.jpg,875,1980,232,67,1107,2047
00000000000000001000_1221.jpg,2667,1547,183,59,2850,1606
00000000000000001000_10409.jpg,3920,1191,126,43,4046,1234
00000000000000001000_4389.jpg,601,1348,204,56,805,1404
00000000000000001000_4389.jpg,2520,1262,169,53,2689,1315
00000000000000001000_4389.jpg,3602,1047,93,37,3695,1084
00000000000000001000_24527.jpg,1517,356,93,21,1610,377
00000000000000001000_14829.jpg,1689,387,100,19,1789,406
00000000000000001000_14829.jpg,3935,1363,137,49,4072,1412
00000000000000001000_24687.jpg,633,1100,185,46,818,1146
00000000000000001000_24687.jpg,2862,1439,169,55,3031,1494
00000000000000001000_24327.jpg,1635,741,125,31,1760,772
00000000000000001000_307.jpg,1086,1391,199,59,1285,1450
00000000000000001000_307.jpg,3521,1261,129,42,3650,1303
00000000000000001000_4944.jpg,568,1462,196,55,764,1517
00000000000000001000_4944.jpg,3485,1175,134,39,3619,1214
00000000000000001000_2849.jpg,912,468,111,25,1023,493
00000000000000001000_2849.jpg,3790,1194,133,42,3923,1236
00000000000000001000_2849.jpg,2690,1381,169,54,2859,1435
00000000000000001000_1747.jpg,857,40,72,14,929,54
00000000000000001000_1747.jpg,562,341,101,20,663,361
00000000000000001000_1747.jpg,1913,435,97,22,2010,457
00000000000000001000_1747.jpg,2963,1617,183,61,3146,1678
00000000000000001000_19179.jpg,3739,1271,136,41,3875,1312
00000000000000001000_1942.jpg,1275,309,88,18,1363,327
00000000000000001000_1942.jpg,1426,767,128,32,1554,799
00000000000000001000_9124.jpg,3592,1063,119,37,3711,1100
00000000000000001000_9124.jpg,1176,1944,259,77,1435,2021
00000000000000001000_23092.jpg,2894,1410,174,54,3068,1464
00000000000000001000_23092.jpg,916,1711,222,67,1138,1778
00000000000000001000_5884.jpg,698,289,99,20,797,309
00000000000000001000_5884.jpg,1483,272,69,20,1552,292
00000000000000001000_5884.jpg,3194,1812,174,68,3368,1880
00000000000000001000_10694.jpg,418,247,87,18,505,265
00000000000000001000_10694.jpg,3056,1873,192,74,3248,1947
00000000000000001000_19431.jpg,1860,398,102,22,1962,420
00000000000000001000_19431.jpg,1198,635,123,29,1321,664
00000000000000001000_19431.jpg,2756,1705,181,62,2937,1767
00000000000000001000_7064.jpg,567,289,82,20,649,309
00000000000000001000_7064.jpg,1341,271,87,22,1428,293
00000000000000001000_7064.jpg,3935,1278,131,43,4066,1321
00000000000000001000_11606.jpg,3420,1081,122,35,3542,1116
00000000000000001000_5949.jpg,2264,590,102,25,2366,615
00000000000000001000_10909.jpg,2348,42,72,17,2420,59
00000000000000001000_10909.jpg,1479,330,88,18,1567,348
00000000000000001000_10909.jpg,1250,614,125,31,1375,645
00000000000000001000_10909.jpg,982,1662,229,65,1211,1727
00000000000000001000_24141.jpg,3468,995,114,36,3582,1031
00000000000000001000_7804.jpg,953,347,97,22,1050,369
00000000000000001000_7804.jpg,3728,1230,129,43,3857,1273
00000000000000001000_15065.jpg,754,528,109,26,863,554
00000000000000001000_15065.jpg,2289,776,112,28,2401,804
00000000000000001000_15065.jpg,3013,1839,188,75,3201,1914
00000000000000001000_11359.jpg,2369,1356,166,47,2535,1403
00000000000000001000_11359.jpg,3383,1145,132,41,3515,1186
00000000000000001000_5149.jpg,1433,285,87,18,1520,303
00000000000000001000_5149.jpg,1012,611,123,28,1135,639
00000000000000001000_5149.jpg,2365,689,109,27,2474,716
00000000000000001000_5149.jpg,2788,1668,195,64,2983,1732
00000000000000001000_10874.jpg,2802,1500,179,58,2981,1558
00000000000000001000_1206.jpg,1615,489,96,23,1711,512
00000000000000001000_1206.jpg,876,1981,232,68,1108,2049
00000000000000001000_1206.jpg,3274,1816,186,71,3460,1887
00000000000000001000_1732.jpg,2827,1414,159,49,2986,1463
00000000000000001000_3664.jpg,3869,1247,138,41,4007,1288
00000000000000001000_7259.jpg,1219,207,74,15,1293,222
00000000000000001000_7259.jpg,516,322,93,21,609,343
00000000000000001000_7259.jpg,894,1331,209,56,1103,1387
00000000000000001000_7259.jpg,3566,1013,124,36,3690,1049
00000000000000001000_7259.jpg,2833,1665,182,59,3015,1724
00000000000000001000_18697.jpg,1472,314,90,18,1562,332
00000000000000001000_18697.jpg,605,1390,198,50,803,1440
00000000000000001000_18697.jpg,3163,969,135,40,3298,1009
00000000000000001000_18697.jpg,2716,1696,189,63,2905,1759
00000000000000001000_21001.jpg,3675,1113,124,38,3799,1151
00000000000000001000_21001.jpg,777,1640,231,63,1008,1703
00000000000000001000_11417.jpg,3357,1237,129,40,3486,1277
00000000000000001000_11417.jpg,1328,1865,243,72,1571,1937
00000000000000001000_22635.jpg,695,1439,212,59,907,1498
00000000000000001000_20507.jpg,933,137,74,17,1007,154
00000000000000001000_20507.jpg,3744,1147,134,39,3878,1186
00000000000000001000_16599.jpg,476,200,90,18,566,218
00000000000000001000_16599.jpg,3112,1518,179,60,3291,1578
00000000000000001000_8019.jpg,430,166,88,20,518,186
00000000000000001000_8019.jpg,1180,276,83,22,1263,298
00000000000000001000_8019.jpg,2768,1577,179,60,2947,1637
00000000000000001000_16284.jpg,513,1211,198,52,711,1263
00000000000000001000_16284.jpg,2313,1285,169,52,2482,1337
00000000000000001000_9464.jpg,1693,464,94,21,1787,485
00000000000000001000_9464.jpg,2326,1313,172,53,2498,1366
00000000000000001000_9464.jpg,3883,1197,131,41,4014,1238
00000000000000001000_12732.jpg,1178,163,78,16,1256,179
00000000000000001000_12732.jpg,3605,1080,121,39,3726,1119
00000000000000001000_12732.jpg,2042,1540,169,55,2211,1595
00000000000000001000_21278.jpg,2580,824,118,30,2698,854
00000000000000001000_21278.jpg,3054,1594,174,63,3228,1657
00000000000000001000_17819.jpg,1607,320,93,18,1700,338
00000000000000001000_15233.jpg,1164,278,84,18,1248,296
00000000000000001000_15233.jpg,341,1301,200,54,541,1355
00000000000000001000_15233.jpg,2354,1444,187,58,2541,1502
00000000000000001000_7299.jpg,968,504,81,25,1049,529
00000000000000001000_7299.jpg,2808,598,107,56,2915,654
00000000000000001000_7299.jpg,3381,790,127,29,3508,819
00000000000000001000_7299.jpg,791,1442,222,60,1013,1502
00000000000000001000_7299.jpg,3341,1062,131,38,3472,1100
00000000000000001000_22323.jpg,2166,1635,197,60,2363,1695
00000000000000001000_9684.jpg,533,1293,205,52,738,1345
00000000000000001000_9684.jpg,3244,1049,58,21,3302,1070
00000000000000001000_9684.jpg,2927,1609,169,60,3096,1669
00000000000000001000_3364.jpg,536,243,91,18,627,261
00000000000000001000_3364.jpg,1829,527,84,23,1913,550
00000000000000001000_3364.jpg,2923,1525,183,61,3106,1586
00000000000000001000_22005.jpg,2399,636,107,26,2506,662
00000000000000001000_19401.jpg,1293,217,78,18,1371,235
00000000000000001000_19401.jpg,888,493,103,23,991,516
00000000000000001000_19401.jpg,2392,588,104,26,2496,614
00000000000000001000_19401.jpg,2857,1649,182,63,3039,1712
00000000000000001000_10869.jpg,1290,339,87,20,1377,359
00000000000000001000_10869.jpg,3854,1125,124,39,3978,1164
00000000000000001000_6459.jpg,976,1487,216,60,1192,1547
00000000000000001000_6459.jpg,3907,1166,121,42,4028,1208
00000000000000001000_21006.jpg,1090,1064,221,52,1311,1116
00000000000000001000_21006.jpg,1005,1532,221,60,1226,1592
00000000000000001000_23256.jpg,2199,437,89,21,2288,458
00000000000000001000_23256.jpg,1202,601,121,28,1323,629
00000000000000001000_23256.jpg,2997,1746,196,68,3193,1814
00000000000000001000_2359.jpg,775,421,107,24,882,445
00000000000000001000_2359.jpg,1561,378,89,18,1650,396
00000000000000001000_2359.jpg,3236,1014,117,33,3353,1047
00000000000000001000_2359.jpg,3013,1676,191,70,3204,1746
00000000000000001000_15634.jpg,1154,1781,219,64,1373,1845
00000000000000001000_11049.jpg,1254,1535,208,58,1462,1593
00000000000000001000_20642.jpg,2217,1290,165,50,2382,1340
00000000000000001000_20642.jpg,3937,1471,129,46,4066,1517
00000000000000001000_6749.jpg,1818,402,100,21,1918,423
00000000000000001000_6749.jpg,1401,816,140,36,1541,852
00000000000000001000_12617.jpg,594,20,67,14,661,34
00000000000000001000_12617.jpg,804,480,103,22,907,502
00000000000000001000_12617.jpg,2140,586,107,26,2247,612
00000000000000001000_12617.jpg,252,1404,209,54,461,1458
00000000000000001000_15258.jpg,793,407,105,23,898,430
00000000000000001000_15258.jpg,2891,1552,127,47,3018,1599
00000000000000001000_1354.jpg,1275,811,128,30,1403,841
00000000000000001000_1354.jpg,2467,715,103,26,2570,741
00000000000000001000_1354.jpg,2870,1646,188,65,3058,1711
00000000000000001000_5534.jpg,528,231,95,19,623,250
00000000000000001000_5534.jpg,2920,1571,189,61,3109,1632
00000000000000001000_21273.jpg,813,429,107,24,920,453
00000000000000001000_8304.jpg,1051,1526,220,64,1271,1590
00000000000000001000_8304.jpg,3185,1550,182,62,3367,1612
00000000000000001000_4114.jpg,1842,66,68,14,1910,80
00000000000000001000_4114.jpg,1620,305,91,19,1711,324
00000000000000001000_4699.jpg,929,1325,192,54,1121,1379
00000000000000001000_4699.jpg,3733,1373,134,46,3867,1419
00000000000000001000_3129.jpg,3084,894,116,32,3200,926
00000000000000001000_3129.jpg,831,1390,219,58,1050,1448
00000000000000001000_3129.jpg,2834,1564,164,58,2998,1622
00000000000000001000_19943.jpg,1134,761,124,31,1258,792
00000000000000001000_19943.jpg,2107,657,113,25,2220,682
00000000000000001000_19943.jpg,866,1666,231,66,1097,1732
00000000000000001000_19943.jpg,3109,1622,180,66,3289,1688
00000000000000001000_760.jpg,3269,969,121,31,3390,1000
00000000000000001000_18146.jpg,3712,1355,140,47,3852,1402
00000000000000001000_18146.jpg,673,1506,223,52,896,1558
00000000000000001000_19124.jpg,3014,1715,178,63,3192,1778
00000000000000001000_11719.jpg,3477,977,124,37,3601,1014
00000000000000001000_11566.jpg,799,73,73,14,872,87
00000000000000001000_11566.jpg,1925,463,102,22,2027,485
00000000000000001000_11566.jpg,3865,1250,120,43,3985,1293
00000000000000001000_8179.jpg,3942,1487,135,49,4077,1536
00000000000000001000_20637.jpg,1274,213,54,18,1328,231
00000000000000001000_20637.jpg,3564,1325,129,43,3693,1368
00000000000000001000_20637.jpg,2553,1657,192,64,2745,1721
00000000000000001000_9429.jpg,1333,221,82,18,1415,239
00000000000000001000_10959.jpg,1754,468,98,23,1852,491
00000000000000001000_10959.jpg,1141,696,126,28,1267,724
00000000000000001000_10959.jpg,2859,1775,182,65,3041,1840
00000000000000001000_12198.jpg,635,45,61,15,696,60
00000000000000001000_12198.jpg,1790,518,99,22,1889,540
00000000000000001000_12198.jpg,2729,1653,179,61,2908,1714
00000000000000001000_8219.jpg,2523,1395,181,58,2704,1453
00000000000000001000_1922.jpg,1442,398,97,20,1539,418
00000000000000001000_1922.jpg,1521,958,148,39,1669,997
00000000000000001000_1922.jpg,3757,1100,117,40,3874,1140
00000000000000001000_8349.jpg,3789,95,49,33,3838,128
00000000000000001000_8349.jpg,103,741,131,30,234,771
00000000000000001000_8349.jpg,3603,1201,134,39,3737,1240
00000000000000001000_8349.jpg,1850,1909,29,30,1879,1939
00000000000000001000_8939.jpg,3086,1535,170,61,3256,1596
00000000000000001000_22399.jpg,2795,3,102,24,2897,27
00000000000000001000_22399.jpg,2762,1728,187,63,2949,1791
00000000000000001000_3824.jpg,1059,512,118,27,1177,539
00000000000000001000_3824.jpg,2768,869,128,32,2896,901
00000000000000001000_3824.jpg,3070,1815,179,67,3249,1882
00000000000000001000_3494.jpg,1483,326,60,23,1543,349
00000000000000001000_3494.jpg,998,523,75,24,1073,547
00000000000000001000_3494.jpg,3223,1727,183,66,3406,1793
00000000000000001000_5319.jpg,2085,1308,162,49,2247,1357
00000000000000001000_9749.jpg,1873,447,98,22,1971,469
00000000000000001000_22414.jpg,620,422,114,27,734,449
00000000000000001000_22414.jpg,1708,292,89,19,1797,311
00000000000000001000_9764.jpg,2671,1636,178,60,2849,1696
00000000000000001000_13022.jpg,625,23,64,13,689,36
00000000000000001000_13022.jpg,942,567,115,26,1057,593
00000000000000001000_13022.jpg,2853,1659,186,65,3039,1724
00000000000000001000_11135.jpg,1968,545,100,21,2068,566
00000000000000001000_8609.jpg,2898,1768,179,67,3077,1835
00000000000000001000_23662.jpg,16,711,87,28,103,739
00000000000000001000_23662.jpg,3333,1177,130,41,3463,1218
00000000000000001000_19013.jpg,827,560,118,24,945,584
00000000000000001000_19013.jpg,669,1785,225,64,894,1849
00000000000000001000_19013.jpg,2904,1743,187,68,3091,1811
00000000000000001000_6154.jpg,1366,173,84,18,1450,191
00000000000000001000_6154.jpg,907,517,108,27,1015,544
00000000000000001000_6154.jpg,3154,1675,181,68,3335,1743
00000000000000001000_216.jpg,1114,149,79,19,1193,168
00000000000000001000_216.jpg,538,315,98,20,636,335
00000000000000001000_216.jpg,2263,1339,129,94,2392,1433
00000000000000001000_12065.jpg,208,38,63,14,271,52
00000000000000001000_12065.jpg,1404,221,81,17,1485,238
00000000000000001000_12065.jpg,1313,805,122,30,1435,835
00000000000000001000_12065.jpg,3084,907,122,34,3206,941
00000000000000001000_12065.jpg,995,1815,253,66,1248,1881
00000000000000001000_12065.jpg,3226,1722,183,69,3409,1791
00000000000000001000_1236.jpg,343,121,84,17,427,138
00000000000000001000_1236.jpg,3407,1086,130,40,3537,1126
00000000000000001000_1236.jpg,874,1980,232,67,1106,2047
00000000000000001000_6074.jpg,437,243,85,19,522,262
00000000000000001000_6074.jpg,1605,304,90,19,1695,323
00000000000000001000_6074.jpg,788,1123,187,49,975,1172
00000000000000001000_6074.jpg,3139,1613,169,60,3308,1673
00000000000000001000_23434.jpg,3306,974,120,33,3426,1007
00000000000000001000_20872.jpg,2333,1175,157,47,2490,1222
00000000000000001000_20872.jpg,3960,1266,124,45,4084,1311
00000000000000001000_18299.jpg,1775,498,98,23,1873,521
00000000000000001000_18299.jpg,3803,1248,130,45,3933,1293
00000000000000001000_3734.jpg,2919,1636,182,64,3101,1700
00000000000000001000_20086.jpg,749,443,100,22,849,465
00000000000000001000_20086.jpg,1704,391,103,23,1807,414
00000000000000001000_20086.jpg,3135,1716,183,73,3318,1789
00000000000000001000_21331.jpg,532,449,99,22,631,471
00000000000000001000_21331.jpg,2125,623,101,24,2226,647
00000000000000001000_21331.jpg,3935,1391,136,47,4071,1438
00000000000000001000_2809.jpg,2286,1340,184,56,2470,1396
00000000000000001000_2809.jpg,3563,1415,183,52,3746,1467
00000000000000001000_16107.jpg,644,1374,193,50,837,1424
00000000000000001000_16107.jpg,3992,1428,104,47,4096,1475
00000000000000001000_11822.jpg,967,436,113,25,1080,461
00000000000000001000_11822.jpg,1453,220,84,17,1537,237
00000000000000001000_11822.jpg,3201,1756,183,72,3384,1828
00000000000000001000_13760.jpg,3078,1432,167,57,3245,1489
00000000000000001000_11190.jpg,324,270,88,19,412,289
00000000000000001000_11190.jpg,1484,287,90,20,1574,307
00000000000000001000_11190.jpg,986,1662,227,64,1213,1726
00000000000000001000_11190.jpg,2829,1579,179,59,3008,1638
00000000000000001000_3634.jpg,994,93,77,18,1071,111
00000000000000001000_3634.jpg,1311,866,131,31,1442,897
00000000000000001000_3634.jpg,3345,1814,186,73,3531,1887
00000000000000001000_15609.jpg,1429,324,90,20,1519,344
00000000000000001000_15609.jpg,3848,1424,134,45,3982,1469
00000000000000001000_13865.jpg,1859,449,106,20,1965,469
00000000000000001000_13865.jpg,2984,1685,182,67,3166,1752
00000000000000001000_10969.jpg,215,211,81,16,296,227
00000000000000001000_10969.jpg,1460,347,91,20,1551,367
00000000000000001000_10969.jpg,3014,1058,196,48,3210,1106
00000000000000001000_10969.jpg,2612,1690,206,68,2818,1758
00000000000000001000_11195.jpg,188,143,91,19,279,162
00000000000000001000_11195.jpg,1820,490,95,21,1915,511
00000000000000001000_11195.jpg,3914,1423,130,42,4044,1465
00000000000000001000_11195.jpg,986,1662,227,64,1213,1726
00000000000000001000_22234.jpg,189,189,82,15,271,204
00000000000000001000_22234.jpg,2210,583,105,24,2315,607
00000000000000001000_22234.jpg,454,1282,195,52,649,1334
00000000000000001000_22234.jpg,2852,1645,185,64,3037,1709
00000000000000001000_23077.jpg,1224,165,79,18,1303,183
00000000000000001000_23077.jpg,509,281,95,20,604,301
00000000000000001000_23077.jpg,2498,691,108,25,2606,716
00000000000000001000_23077.jpg,2995,1589,174,61,3169,1650
00000000000000001000_10204.jpg,2493,1339,152,51,2645,1390
00000000000000001000_10204.jpg,395,1560,211,61,606,1621
00000000000000001000_10424.jpg,1031,117,76,17,1107,134
00000000000000001000_10424.jpg,2796,1499,176,61,2972,1560
00000000000000001000_14739.jpg,788,14,69,14,857,28
00000000000000001000_14739.jpg,945,444,112,20,1057,464
00000000000000001000_14739.jpg,1394,316,92,18,1486,334
00000000000000001000_14739.jpg,2107,1220,165,40,2272,1260
00000000000000001000_14739.jpg,739,1676,214,60,953,1736
00000000000000001000_18970.jpg,2809,1549,169,57,2978,1606
00000000000000001000_15183.jpg,1597,317,91,21,1688,338
00000000000000001000_15183.jpg,2631,1445,184,57,2815,1502
00000000000000001000_24003.jpg,1309,283,90,21,1399,304
00000000000000001000_24003.jpg,2908,1458,168,58,3076,1516
00000000000000001000_24003.jpg,1034,1617,212,61,1246,1678
00000000000000001000_21041.jpg,3075,1506,170,59,3245,1565
00000000000000001000_259.jpg,3953,1252,130,45,4083,1297
00000000000000001000_259.jpg,1326,1943,242,77,1568,2020
00000000000000001000_22625.jpg,932,474,119,23,1051,497
00000000000000001000_22625.jpg,1166,521,134,32,1300,553
00000000000000001000_22625.jpg,694,1439,212,59,906,1498
00000000000000001000_22625.jpg,3613,1115,128,39,3741,1154
00000000000000001000_24667.jpg,2338,1320,177,51,2515,1371
00000000000000001000_24857.jpg,3569,1542,161,61,3730,1603
00000000000000001000_19371.jpg,334,106,82,18,416,124
00000000000000001000_19371.jpg,1517,907,136,35,1653,942
00000000000000001000_19371.jpg,3928,1426,129,45,4057,1471
00000000000000001000_11837.jpg,1033,59,73,14,1106,73
00000000000000001000_11837.jpg,272,164,84,16,356,180
00000000000000001000_11837.jpg,2156,1090,153,44,2309,1134
00000000000000001000_19880.jpg,1087,187,67,17,1154,204
00000000000000001000_19880.jpg,921,1590,224,66,1145,1656
00000000000000001000_19880.jpg,2572,1726,192,64,2764,1790
00000000000000001000_16564.jpg,956,511,119,26,1075,537
00000000000000001000_16564.jpg,3172,924,230,58,3402,982
00000000000000001000_16564.jpg,2692,1712,224,72,2916,1784
00000000000000001000_12298.jpg,1991,1428,178,55,2169,1483
00000000000000001000_17586.jpg,2276,649,107,26,2383,675
00000000000000001000_17586.jpg,2605,1423,181,56,2786,1479
00000000000000001000_11279.jpg,2019,510,97,23,2116,533
00000000000000001000_11279.jpg,2926,1434,78,60,3004,1494
00000000000000001000_12348.jpg,32,18,74,15,106,33
00000000000000001000_12348.jpg,1409,297,98,19,1507,316
00000000000000001000_12348.jpg,957,524,119,26,1076,550
00000000000000001000_9249.jpg,2354,682,112,28,2466,710
00000000000000001000_10679.jpg,599,450,104,24,703,474
00000000000000001000_10679.jpg,1566,439,101,23,1667,462
00000000000000001000_10679.jpg,3102,1605,182,62,3284,1667
00000000000000001000_17027.jpg,970,125,73,14,1043,139
00000000000000001000_17027.jpg,281,174,78,16,359,190
00000000000000001000_17027.jpg,1972,547,117,25,2089,572
00000000000000001000_17027.jpg,2968,1695,177,66,3145,1761
00000000000000001000_3694.jpg,2874,1790,191,68,3065,1858
00000000000000001000_1261.jpg,3282,1547,163,58,3445,1605
00000000000000001000_8309.jpg,687,396,105,23,792,419
00000000000000001000_8309.jpg,2038,274,52,20,2090,294
00000000000000001000_8309.jpg,1843,430,95,22,1938,452
00000000000000001000_8309.jpg,252,889,148,38,400,927
00000000000000001000_8309.jpg,3711,1928,172,72,3883,2000
00000000000000001000_9469.jpg,1258,177,82,18,1340,195
00000000000000001000_9469.jpg,2147,3,49,39,2196,42
00000000000000001000_9469.jpg,3920,1339,158,48,4078,1387
00000000000000001000_8199.jpg,3860,1285,121,43,3981,1328
00000000000000001000_11832.jpg,544,315,98,21,642,336
00000000000000001000_11832.jpg,1349,181,84,16,1433,197
00000000000000001000_11832.jpg,3274,1655,176,66,3450,1721
00000000000000001000_14060.jpg,1243,291,85,17,1328,308
00000000000000001000_14060.jpg,934,651,117,25,1051,676
00000000000000001000_14060.jpg,2202,559,107,25,2309,584
00000000000000001000_14060.jpg,3005,1674,178,65,3183,1739
00000000000000001000_8244.jpg,412,334,104,21,516,355
00000000000000001000_8244.jpg,2015,481,97,21,2112,502
00000000000000001000_8244.jpg,3963,1452,121,48,4084,1500
00000000000000001000_15619.jpg,2865,1550,188,62,3053,1612
00000000000000001000_18930.jpg,995,161,76,18,1071,179
00000000000000001000_18930.jpg,609,391,102,22,711,413
00000000000000001000_18930.jpg,2147,490,102,25,2249,515
00000000000000001000_18930.jpg,1626,944,150,41,1776,985
00000000000000001000_18930.jpg,3976,1459,95,43,4071,1502
00000000000000001000_10004.jpg,2929,885,201,30,3130,915
00000000000000001000_10004.jpg,2722,1148,201,29,2923,1177
00000000000000001000_10004.jpg,2696,1739,192,62,2888,1801
00000000000000001000_20178.jpg,2711,1682,195,62,2906,1744
00000000000000001000_24692.jpg,1011,153,77,17,1088,170
00000000000000001000_24692.jpg,965,621,123,28,1088,649
00000000000000001000_9089.jpg,1988,449,105,25,2093,474
00000000000000001000_9089.jpg,2503,427,60,30,2563,457
00000000000000001000_9089.jpg,2970,1659,168,62,3138,1721
00000000000000001000_8079.jpg,3865,1331,142,46,4007,1377
00000000000000001000_5614.jpg,3120,1606,175,60,3295,1666
00000000000000001000_21940.jpg,1179,186,85,18,1264,204
00000000000000001000_23720.jpg,1440,803,138,36,1578,839
00000000000000001000_19248.jpg,2518,1498,184,58,2702,1556
00000000000000001000_20522.jpg,853,500,108,24,961,524
00000000000000001000_20522.jpg,3213,1453,178,60,3391,1513
00000000000000001000_11305.jpg,730,344,102,21,832,365
00000000000000001000_11305.jpg,3152,1651,175,64,3327,1715
00000000000000001000_525.jpg,2776,872,122,31,2898,903
00000000000000001000_4744.jpg,1118,99,80,17,1198,116
00000000000000001000_4744.jpg,742,1211,186,49,928,1260
00000000000000001000_4744.jpg,2900,1634,181,63,3081,1697
00000000000000001000_13082.jpg,731,322,97,21,828,343
00000000000000001000_13082.jpg,1591,335,95,19,1686,354
00000000000000001000_13082.jpg,3364,1870,175,67,3539,1937
00000000000000001000_15574.jpg,908,475,104,24,1012,499
00000000000000001000_15574.jpg,3166,1857,189,60,3355,1917
00000000000000001000_495.jpg,2302,1196,158,46,2460,1242
00000000000000001000_495.jpg,3227,1031,124,34,3351,1065
00000000000000001000_11937.jpg,1084,133,78,17,1162,150
00000000000000001000_11937.jpg,2182,708,108,24,2290,732
00000000000000001000_11937.jpg,2665,1664,176,60,2841,1724
00000000000000001000_20233.jpg,1224,283,82,18,1306,301
00000000000000001000_20233.jpg,2271,1404,181,54,2452,1458
00000000000000001000_9369.jpg,495,252,95,21,590,273
00000000000000001000_9369.jpg,2182,546,102,25,2284,571
00000000000000001000_9369.jpg,526,1310,196,55,722,1365
00000000000000001000_21401.jpg,3499,1081,122,35,3621,1116
00000000000000001000_21401.jpg,2992,1870,185,69,3177,1939
00000000000000001000_23900.jpg,3218,986,119,34,3337,1020
00000000000000001000_7314.jpg,1527,403,88,19,1615,422
00000000000000001000_7314.jpg,791,1442,222,61,1013,1503
00000000000000001000_7314.jpg,2907,1566,179,63,3086,1629
00000000000000001000_24712.jpg,3651,1013,122,37,3773,1050
00000000000000001000_2048.jpg,1060,790,134,34,1194,824
00000000000000001000_2048.jpg,2039,631,104,25,2143,656
00000000000000001000_2048.jpg,3913,1495,135,49,4048,1544
00000000000000001000_8384.jpg,725,1808,245,63,970,1871
00000000000000001000_12258.jpg,58,11,71,15,129,26
00000000000000001000_12258.jpg,494,342,93,20,587,362
00000000000000001000_12258.jpg,1732,468,96,22,1828,490
00000000000000001000_12258.jpg,3332,1900,178,72,3510,1972
00000000000000001000_7509.jpg,2825,1442,162,53,2987,1495
00000000000000001000_14596.jpg,300,193,87,19,387,212
00000000000000001000_14596.jpg,1190,824,136,33,1326,857
00000000000000001000_13522.jpg,3491,835,203,58,3694,893
00000000000000001000_13522.jpg,3245,1616,179,67,3424,1683
00000000000000001000_12273.jpg,625,15,68,14,693,29
00000000000000001000_12273.jpg,993,611,116,26,1109,637
00000000000000001000_19785.jpg,2703,1388,164,51,2867,1439
00000000000000001000_19785.jpg,3886,1401,132,46,4018,1447
00000000000000001000_19785.jpg,1221,1747,233,67,1454,1814
00000000000000001000_4639.jpg,1084,213,76,15,1160,228
00000000000000001000_4639.jpg,1073,688,124,29,1197,717
00000000000000001000_4639.jpg,3223,902,131,32,3354,934
00000000000000001000_4639.jpg,474,1049,179,43,653,1092
00000000000000001000_4639.jpg,3155,1613,175,62,3330,1675
00000000000000001000_7974.jpg,3005,1795,180,66,3185,1861
00000000000000001000_22070.jpg,2213,583,77,27,2290,610
00000000000000001000_22070.jpg,2341,798,82,23,2423,821
00000000000000001000_22070.jpg,2628,576,90,25,2718,601
00000000000000001000_22070.jpg,3003,1602,153,56,3156,1658
00000000000000001000_226.jpg,3633,998,116,37,3749,1035
00000000000000001000_226.jpg,608,1405,199,55,807,1460
00000000000000001000_5359.jpg,2603,1313,164,54,2767,1367
00000000000000001000_23120.jpg,1482,296,93,21,1575,317
00000000000000001000_23120.jpg,2704,1576,184,61,2888,1637
00000000000000001000_1787.jpg,699,290,97,20,796,310
00000000000000001000_1787.jpg,1431,352,75,19,1506,371
00000000000000001000_1787.jpg,3078,1602,180,64,3258,1666
00000000000000001000_10209.jpg,3833,1235,141,44,3974,1279
00000000000000001000_10209.jpg,393,1560,211,60,604,1620
00000000000000001000_13462.jpg,3501,1187,126,39,3627,1226
00000000000000001000_14225.jpg,908,445,97,27,1005,472
00000000000000001000_14225.jpg,1042,1665,240,68,1282,1733
00000000000000001000_14225.jpg,2871,1685,178,61,3049,1746
00000000000000001000_22665.jpg,1955,605,122,25,2077,630
00000000000000001000_18537.jpg,2979,1671,173,62,3152,1733
00000000000000001000_10674.jpg,1138,121,74,15,1212,136
00000000000000001000_10674.jpg,2239,26,57,27,2296,53
00000000000000001000_10674.jpg,3182,1529,179,62,3361,1591
00000000000000001000_24018.jpg,1426,286,58,19,1484,305
00000000000000001000_24018.jpg,3681,1202,130,42,3811,1244
00000000000000001000_23582.jpg,3070,1007,120,35,3190,1042
00000000000000001000_6204.jpg,2333,598,101,27,2434,625
00000000000000001000_6204.jpg,655,1409,204,56,859,1465
00000000000000001000_3629.jpg,812,431,120,24,932,455
00000000000000001000_3629.jpg,1548,312,93,20,1641,332
00000000000000001000_3629.jpg,2761,1727,182,61,2943,1788
00000000000000001000_3054.jpg,1074,125,80,17,1154,142
00000000000000001000_3054.jpg,160,832,112,39,272,871
00000000000000001000_3054.jpg,2539,691,113,28,2652,719
00000000000000001000_3054.jpg,3031,1545,181,66,3212,1611
00000000000000001000_2043.jpg,551,492,107,24,658,516
00000000000000001000_2043.jpg,1367,241,89,20,1456,261
00000000000000001000_2043.jpg,3360,1186,126,40,3486,1226
00000000000000001000_2043.jpg,2887,1778,185,70,3072,1848
00000000000000001000_24053.jpg,1628,1355,188,52,1816,1407
00000000000000001000_6719.jpg,2534,1548,160,59,2694,1607
00000000000000001000_23915.jpg,3342,1002,125,32,3467,1034
00000000000000001000_12393.jpg,69,54,63,14,132,68
00000000000000001000_12393.jpg,1082,530,114,26,1196,556
00000000000000001000_12393.jpg,2624,731,114,30,2738,761
00000000000000001000_8584.jpg,2802,1695,190,64,2992,1759
00000000000000001000_18136.jpg,1658,463,100,24,1758,487
00000000000000001000_18136.jpg,794,1644,236,55,1030,1699
00000000000000001000_18136.jpg,2952,1549,184,60,3136,1609
00000000000000001000_18592.jpg,1738,414,98,21,1836,435
00000000000000001000_18592.jpg,3905,1273,130,46,4035,1319
00000000000000001000_18592.jpg,2799,1775,190,65,2989,1840
00000000000000001000_3109.jpg,2232,617,110,27,2342,644
00000000000000001000_3109.jpg,2327,1283,171,50,2498,1333
00000000000000001000_4554.jpg,988,730,126,29,1114,759
00000000000000001000_4554.jpg,3120,1800,184,65,3304,1865
00000000000000001000_17501.jpg,1225,187,79,16,1304,203
00000000000000001000_17501.jpg,3961,1447,133,46,4094,1493
00000000000000001000_22040.jpg,965,256,81,16,1046,272
00000000000000001000_14799.jpg,2720,1564,194,61,2914,1625
00000000000000001000_17929.jpg,1380,255,83,19,1463,274
00000000000000001000_17929.jpg,596,1320,202,51,798,1371
00000000000000001000_10844.jpg,3694,1301,137,46,3831,1347
00000000000000001000_7954.jpg,826,1271,204,56,1030,1327
00000000000000001000_7954.jpg,2783,1426,168,49,2951,1475
00000000000000001000_14709.jpg,2989,1481,190,57,3179,1538
00000000000000001000_14709.jpg,383,1555,216,61,599,1616
00000000000000001000_4929.jpg,567,1461,197,56,764,1517
00000000000000001000_4929.jpg,3470,1177,101,35,3571,1212
00000000000000001000_16392.jpg,2614,1532,174,59,2788,1591
00000000000000001000_8429.jpg,987,28,171,139,1158,167
00000000000000001000_8429.jpg,1160,557,108,24,1268,581
00000000000000001000_14438.jpg,715,107,77,16,792,123
00000000000000001000_14438.jpg,2734,1579,176,58,2910,1637
00000000000000001000_6294.jpg,1131,3,155,22,1286,25
00000000000000001000_6294.jpg,1447,113,104,61,1551,174
00000000000000001000_6294.jpg,3817,1193,127,43,3944,1236
00000000000000001000_16120.jpg,1782,396,95,21,1877,417
00000000000000001000_16120.jpg,984,506,112,26,1096,532
00000000000000001000_16120.jpg,645,1448,213,51,858,1499
00000000000000001000_16120.jpg,3998,1444,95,42,4093,1486
00000000000000001000_16120.jpg,2892,1737,177,66,3069,1803
00000000000000001000_22851.jpg,3387,1164,129,36,3516,1200
00000000000000001000_22851.jpg,3028,1502,178,62,3206,1564
00000000000000001000_13605.jpg,2432,1348,182,53,2614,1401
00000000000000001000_14764.jpg,1427,403,97,19,1524,422
00000000000000001000_14764.jpg,3864,1458,158,47,4022,1505
00000000000000001000_14764.jpg,739,1676,214,60,953,1736
00000000000000001000_22938.jpg,2195,581,104,23,2299,604
00000000000000001000_22938.jpg,3082,1500,171,58,3253,1558
00000000000000001000_11661.jpg,3207,1045,125,38,3332,1083
00000000000000001000_2126.jpg,2926,1491,172,60,3098,1551
00000000000000001000_16554.jpg,716,67,71,16,787,83
00000000000000001000_16554.jpg,3675,1301,133,41,3808,1342
00000000000000001000_6314.jpg,1419,1619,200,61,1619,1680
00000000000000001000_22800.jpg,1048,169,81,16,1129,185
00000000000000001000_22800.jpg,3827,1322,125,42,3952,1364
00000000000000001000_22800.jpg,2935,1551,186,62,3121,1613
00000000000000001000_4729.jpg,1863,467,64,22,1927,489
00000000000000001000_4729.jpg,1300,736,136,33,1436,769
00000000000000001000_4729.jpg,2922,947,121,33,3043,980
00000000000000001000_4729.jpg,742,1211,186,49,928,1260
00000000000000001000_4729.jpg,3069,1701,185,65,3254,1766
00000000000000001000_24211.jpg,2457,759,117,29,2574,788
00000000000000001000_12025.jpg,1355,371,82,18,1437,389
00000000000000001000_12025.jpg,483,1470,203,59,686,1529
00000000000000001000_12025.jpg,2342,1536,132,53,2474,1589
00000000000000001000_20427.jpg,3474,1449,142,44,3616,1493
00000000000000001000_20427.jpg,906,1541,210,63,1116,1604
00000000000000001000_2939.jpg,3185,914,116,31,3301,945
00000000000000001000_14824.jpg,1271,268,84,18,1355,286
00000000000000001000_14824.jpg,2060,1197,165,47,2225,1244
00000000000000001000_20552.jpg,1453,402,90,21,1543,423
00000000000000001000_20552.jpg,1064,1786,244,76,1308,1862
00000000000000001000_20552.jpg,2916,1709,196,67,3112,1776
00000000000000001000_4549.jpg,1223,173,76,15,1299,188
00000000000000001000_4549.jpg,794,315,100,21,894,336
00000000000000001000_4549.jpg,2504,1721,187,61,2691,1782
00000000000000001000_19745.jpg,623,371,102,20,725,391
00000000000000001000_19745.jpg,2516,800,111,26,2627,826
00000000000000001000_19745.jpg,3053,1674,184,67,3237,1741
00000000000000001000_24171.jpg,3676,1057,119,39,3795,1096
00000000000000001000_23537.jpg,698,469,112,26,810,495
00000000000000001000_23537.jpg,1495,370,91,19,1586,389
00000000000000001000_23537.jpg,3662,1134,125,39,3787,1173
00000000000000001000_23537.jpg,897,1701,228,68,1125,1769
00000000000000001000_16188.jpg,1084,190,82,17,1166,207
00000000000000001000_19765.jpg,3008,843,153,85,3161,928
00000000000000001000_19765.jpg,1901,1009,161,37,2062,1046
00000000000000001000_5524.jpg,1332,265,83,18,1415,283
00000000000000001000_5524.jpg,930,502,115,26,1045,528
00000000000000001000_10764.jpg,1292,152,77,16,1369,168
00000000000000001000_10764.jpg,1173,534,110,24,1283,558
00000000000000001000_24557.jpg,636,245,96,21,732,266
00000000000000001000_24557.jpg,3430,967,116,29,3546,996
00000000000000001000_24557.jpg,2905,1601,177,62,3082,1663
00000000000000001000_14483.jpg,1102,614,121,28,1223,642
00000000000000001000_14483.jpg,2251,792,117,26,2368,818
00000000000000001000_14483.jpg,2884,1577,185,62,3069,1639
00000000000000001000_8514.jpg,3562,1337,143,42,3705,1379
00000000000000001000_4204.jpg,786,383,104,22,890,405
00000000000000001000_4204.jpg,3614,1186,126,40,3740,1226
00000000000000001000_4204.jpg,3570,1947,191,78,3761,2025
00000000000000001000_17356.jpg,1125,1414,207,57,1332,1471
00000000000000001000_17356.jpg,3466,1135,127,41,3593,1176
00000000000000001000_17356.jpg,2798,1355,167,54,2965,1409
00000000000000001000_13172.jpg,840,1389,240,59,1080,1448
00000000000000001000_13172.jpg,2142,1325,167,51,2309,1376
00000000000000001000_9524.jpg,1860,356,92,22,1952,378
00000000000000001000_9524.jpg,2486,484,38,18,2524,502
00000000000000001000_16793.jpg,750,353,98,22,848,375
00000000000000001000_16793.jpg,2214,549,105,23,2319,572
00000000000000001000_16793.jpg,3363,1512,174,60,3537,1572
00000000000000001000_9484.jpg,1125,287,81,16,1206,303
00000000000000001000_9484.jpg,2633,1523,175,57,2808,1580
00000000000000001000_14573.jpg,2835,1538,184,59,3019,1597
00000000000000001000_13810.jpg,986,104,80,17,1066,121
00000000000000001000_13810.jpg,305,225,86,18,391,243
00000000000000001000_13810.jpg,1934,486,100,23,2034,509
00000000000000001000_13810.jpg,457,1419,215,58,672,1477
00000000000000001000_13810.jpg,2767,1496,187,56,2954,1552
00000000000000001000_2002.jpg,2354,623,97,30,2451,653
00000000000000001000_2002.jpg,2702,1457,182,61,2884,1518
00000000000000001000_24266.jpg,3429,1246,128,41,3557,1287
00000000000000001000_2131.jpg,904,431,108,25,1012,456
00000000000000001000_2131.jpg,2969,1767,179,65,3148,1832
00000000000000001000_17919.jpg,624,249,96,21,720,270
00000000000000001000_17919.jpg,1985,511,100,23,2085,534
00000000000000001000_17919.jpg,596,1320,200,50,796,1370
00000000000000001000_17919.jpg,2970,1545,179,61,3149,1606
00000000000000001000_20021.jpg,685,348,94,20,779,368
00000000000000001000_22020.jpg,692,389,103,20,795,409
00000000000000001000_6379.jpg,518,930,173,43,691,973
00000000000000001000_6379.jpg,3243,1560,179,59,3422,1619
00000000000000001000_16299.jpg,1233,1784,218,62,1451,1846
00000000000000001000_14724.jpg,3447,1017,124,38,3571,1055
00000000000000001000_14724.jpg,383,1555,215,61,598,1616
00000000000000001000_18274.jpg,1277,253,86,18,1363,271
00000000000000001000_18274.jpg,2612,1634,181,59,2793,1693
00000000000000001000_19192.jpg,1847,948,150,39,1997,987
00000000000000001000_19192.jpg,2767,871,126,33,2893,904
00000000000000001000_19192.jpg,307,1175,188,48,495,1223
00000000000000001000_10854.jpg,544,296,91,19,635,315
00000000000000001000_10854.jpg,1334,803,129,32,1463,835
00000000000000001000_10854.jpg,3164,1060,127,41,3291,1101
00000000000000001000_10854.jpg,3151,1888,178,70,3329,1958
00000000000000001000_18419.jpg,239,108,79,16,318,124
00000000000000001000_18419.jpg,1715,490,99,20,1814,510
00000000000000001000_18419.jpg,1128,642,124,29,1252,671
00000000000000001000_18419.jpg,2994,1661,182,66,3176,1727
00000000000000001000_5939.jpg,1819,427,94,20,1913,447
00000000000000001000_5939.jpg,1130,496,111,24,1241,520
00000000000000001000_5939.jpg,2755,1544,186,61,2941,1605
00000000000000001000_6744.jpg,206,122,84,19,290,141
00000000000000001000_6744.jpg,2966,855,126,31,3092,886
00000000000000001000_6744.jpg,2924,1683,189,68,3113,1751
00000000000000001000_23692.jpg,2546,616,105,26,2651,642
00000000000000001000_23692.jpg,2321,1176,156,46,2477,1222
00000000000000001000_1008.jpg,126,162,80,16,206,178
00000000000000001000_1008.jpg,1485,287,90,18,1575,305
00000000000000001000_1008.jpg,3000,964,121,35,3121,999
00000000000000001000_1008.jpg,2847,1519,183,60,3030,1579
00000000000000001000_16403.jpg,715,518,110,24,825,542
00000000000000001000_16403.jpg,2528,778,107,28,2635,806
00000000000000001000_16403.jpg,2274,1449,173,54,2447,1503
00000000000000001000_19436.jpg,758,393,104,22,862,415
00000000000000001000_19436.jpg,1469,259,92,20,1561,279
00000000000000001000_19436.jpg,1922,1198,159,44,2081,1242
00000000000000001000_5049.jpg,2493,718,113,29,2606,747
00000000000000001000_5049.jpg,2455,1290,174,52,2629,1342
00000000000000001000_21496.jpg,580,260,96,22,676,282
00000000000000001000_21496.jpg,3996,1356,99,44,4095,1400
00000000000000001000_10794.jpg,3020,1383,165,59,3185,1442
00000000000000001000_19732.jpg,1317,222,86,20,1403,242
00000000000000001000_19732.jpg,3545,1904,194,73,3739,1977
00000000000000001000_6464.jpg,976,1486,215,60,1191,1546
00000000000000001000_6464.jpg,2891,1579,169,58,3060,1637
00000000000000001000_12652.jpg,908,80,76,14,984,94
00000000000000001000_12652.jpg,1721,396,98,20,1819,416
00000000000000001000_12652.jpg,2935,1571,183,61,3118,1632
00000000000000001000_17241.jpg,3924,1146,123,44,4047,1190
00000000000000001000_10369.jpg,360,197,83,16,443,213
00000000000000001000_10369.jpg,1392,355,92,20,1484,375
00000000000000001000_10369.jpg,1545,963,149,40,1694,1003
00000000000000001000_10369.jpg,3966,1335,119,45,4085,1380
00000000000000001000_17992.jpg,2373,1333,163,48,2536,1381
00000000000000001000_17992.jpg,3595,1284,123,44,3718,1328
00000000000000001000_21308.jpg,1529,837,146,35,1675,872
00000000000000001000_21308.jpg,3774,1281,132,42,3906,1323
00000000000000001000_21308.jpg,1033,1890,211,70,1244,1960
00000000000000001000_15506.jpg,881,379,104,22,985,401
00000000000000001000_15506.jpg,2367,575,105,24,2472,599
00000000000000001000_15506.jpg,2943,1868,183,66,3126,1934
00000000000000001000_22045.jpg,1012,585,115,24,1127,609
00000000000000001000_22045.jpg,3880,1269,128,44,4008,1313
00000000000000001000_4009.jpg,3293,1030,129,33,3422,1063
00000000000000001000_4009.jpg,2560,1638,201,67,2761,1705
00000000000000001000_11611.jpg,651,340,105,22,756,362
00000000000000001000_11611.jpg,1629,373,94,21,1723,394
00000000000000001000_11611.jpg,3948,1405,127,48,4075,1453
00000000000000001000_11611.jpg,2981,1732,185,66,3166,1798
00000000000000001000_17346.jpg,2640,1521,165,54,2805,1575
00000000000000001000_2201.jpg,54,91,70,16,124,107
00000000000000001000_2201.jpg,1935,1359,172,50,2107,1409
00000000000000001000_3369.jpg,2792,1718,179,64,2971,1782
00000000000000001000_4869.jpg,1644,332,91,21,1735,353
00000000000000001000_4869.jpg,2219,1156,151,42,2370,1198
00000000000000001000_15293.jpg,1715,505,101,22,1816,527
00000000000000001000_4754.jpg,551,272,94,20,645,292
00000000000000001000_4754.jpg,742,1211,186,49,928,1260
00000000000000001000_4754.jpg,3494,1225,127,38,3621,1263
00000000000000001000_4754.jpg,2955,1519,175,63,3130,1582
00000000000000001000_5204.jpg,3772,1439,109,30,3881,1469
00000000000000001000_20101.jpg,3793,1375,134,41,3927,1416
00000000000000001000_6254.jpg,628,334,94,18,722,352
00000000000000001000_6254.jpg,2821,484,82,16,2903,500
00000000000000001000_6254.jpg,1389,832,137,33,1526,865
00000000000000001000_6254.jpg,2734,791,114,28,2848,819
00000000000000001000_3404.jpg,1489,310,84,19,1573,329
00000000000000001000_3404.jpg,1961,933,174,25,2135,958
00000000000000001000_3404.jpg,1910,964,221,41,2131,1005
00000000000000001000_3404.jpg,1983,1061,164,23,2147,1084
00000000000000001000_3404.jpg,1863,1274,93,12,1956,1286
00000000000000001000_3404.jpg,3936,1339,134,44,4070,1383
00000000000000001000_22086.jpg,3724,961,107,32,3831,993
00000000000000001000_22086.jpg,3889,1266,135,43,4024,1309
00000000000000001000_20812.jpg,886,435,102,21,988,456
00000000000000001000_20812.jpg,1315,232,88,20,1403,252
00000000000000001000_20812.jpg,3197,993,124,34,3321,1027
00000000000000001000_20812.jpg,3171,1611,181,67,3352,1678
00000000000000001000_9979.jpg,3992,1518,97,46,4089,1564
00000000000000001000_22522.jpg,3169,948,125,36,3294,984
00000000000000001000_22522.jpg,2238,1213,169,49,2407,1262
00000000000000001000_15160.jpg,3226,1744,173,63,3399,1807
00000000000000001000_19554.jpg,1463,270,84,17,1547,287
00000000000000001000_6714.jpg,1148,165,69,16,1217,181
00000000000000001000_6714.jpg,553,427,109,24,662,451
00000000000000001000_6714.jpg,2647,976,131,29,2778,1005
00000000000000001000_6714.jpg,3200,1855,200,74,3400,1929
00000000000000001000_10954.jpg,982,1664,229,64,1211,1728
00000000000000001000_10954.jpg,2642,1587,167,56,2809,1643
00000000000000001000_1992.jpg,2632,814,111,27,2743,841
00000000000000001000_1992.jpg,2537,1533,171,56,2708,1589
00000000000000001000_12438.jpg,3000,819,118,29,3118,848
00000000000000001000_12438.jpg,2306,1144,155,43,2461,1187
00000000000000001000_11175.jpg,202,76,75,15,277,91
00000000000000001000_11175.jpg,710,442,108,24,818,466
00000000000000001000_11175.jpg,1886,512,102,24,1988,536
00000000000000001000_11175.jpg,2691,1724,180,67,2871,1791
00000000000000001000_14719.jpg,2553,1272,165,51,2718,1323
00000000000000001000_14719.jpg,383,1555,216,61,599,1616
00000000000000001000_6279.jpg,560,315,104,22,664,337
00000000000000001000_6279.jpg,2943,1585,187,62,3130,1647
00000000000000001000_23046.jpg,2980,1618,171,60,3151,1678
00000000000000001000_12792.jpg,967,145,77,15,1044,160
00000000000000001000_12792.jpg,1666,441,99,22,1765,463
00000000000000001000_12792.jpg,2803,1753,186,65,2989,1818
00000000000000001000_15411.jpg,1164,593,112,26,1276,619
00000000000000001000_8854.jpg,2934,168,117,32,3051,200
00000000000000001000_8854.jpg,2994,857,103,30,3097,887
00000000000000001000_8854.jpg,2201,1463,191,59,2392,1522
00000000000000001000_23494.jpg,2293,1311,173,46,2466,1357
00000000000000001000_23494.jpg,3269,1146,127,40,3396,1186
00000000000000001000_8329.jpg,1348,175,83,18,1431,193
00000000000000001000_8329.jpg,254,891,145,37,399,928
00000000000000001000_5624.jpg,729,1439,220,59,949,1498
00000000000000001000_5624.jpg,2683,1249,162,49,2845,1298
00000000000000001000_11320.jpg,2209,636,112,26,2321,662
00000000000000001000_11320.jpg,1541,873,141,33,1682,906
00000000000000001000_1256.jpg,468,334,109,25,577,359
00000000000000001000_1256.jpg,2563,656,115,26,2678,682
00000000000000001000_4919.jpg,1051,227,78,17,1129,244
00000000000000001000_3509.jpg,987,634,118,25,1105,659
00000000000000001000_3509.jpg,3866,1212,130,42,3996,1254
00000000000000001000_22595.jpg,1071,145,50,15,1121,160
00000000000000001000_22595.jpg,986,616,116,26,1102,642
00000000000000001000_22595.jpg,2277,666,104,25,2381,691
00000000000000001000_22595.jpg,3683,1386,136,42,3819,1428
